power	10	15	20	25	30	Limit
1	0.0E+00	5.0E-289	3.1E-53	5.1E-19	5.8E-10	1.00E-12
0.9	0.0E+00	1.2E-288	3.2E-53	5.1E-19	5.8E-10	1.00E-12
0.8	0.0E+00	3.5E-288	3.4E-53	5.2E-19	5.9E-10	1.00E-12
0.7	0.0E+00	1.4E-287	3.7E-53	5.3E-19	5.9E-10	1.00E-12
0.6	0.0E+00	8.2E-287	4.1E-53	5.3E-19	5.9E-10	1.00E-12
0.5	0.0E+00	9.5E-286	4.8E-53	5.5E-19	6.0E-10	1.00E-12
0.4	0.0E+00	3.4E-284	5.8E-53	5.7E-19	6.0E-10	1.00E-12
0.3	0.0E+00	1.1E-281	8.0E-53	5.9E-19	6.1E-10	1.00E-12
0.2	0.0E+00	6.5E-277	1.5E-52	6.5E-19	6.3E-10	1.00E-12
0.1	0.0E+00	7.1E-279	7.3E-52	8.2E-19	6.8E-10	1.00E-12
0.09	0.0E+00	1.0E-275	1.0E-51	8.7E-19	6.9E-10	1.00E-12
0.08	0.0E+00	5.5E-272	1.5E-51	9.2E-19	7.0E-10	1.00E-12
0.07	0.0E+00	2.5E-267	2.6E-51	9.9E-19	7.2E-10	1.00E-12
0.06	0.0E+00	2.1E-261	5.1E-51	1.1E-18	7.4E-10	1.00E-12
0.05	0.0E+00	1.5E-253	1.2E-50	1.2E-18	7.7E-10	1.00E-12
0.04	0.0E+00	1.2E-242	4.3E-50	1.5E-18	8.1E-10	1.00E-12
0.03	0.0E+00	1.6E-226	3.1E-49	2.0E-18	8.8E-10	1.00E-12
0.02	0.0E+00	3.3E-200	1.2E-47	3.6E-18	1.0E-09	1.00E-12
0.01	0.0E+00	3.0E-149	1.4E-43	1.6E-17	1.6E-09	1.00E-12
0.009	1.6E-306	2.2E-141	8.4E-43	2.2E-17	1.7E-09	1.00E-12
0.008	1.0E-275	1.1E-132	7.3E-42	3.2E-17	1.9E-09	1.00E-12
0.007	2.0E-244	4.9E-123	1.0E-40	5.1E-17	2.2E-09	1.00E-12
0.006	1.3E-212	3.1E-112	2.6E-39	9.3E-17	2.6E-09	1.00E-12
0.005	3.1E-180	4.3E-100	1.6E-37	2.1E-16	3.2E-09	1.00E-12
0.004	3.2E-147	2.7E-86	3.5E-35	6.4E-16	4.5E-09	1.00E-12
0.003	1.8E-113	1.8E-70	6.3E-32	3.3E-15	7.6E-09	1.00E-12
0.002	7.7E-79	3.2E-52	3.9E-27	5.4E-14	1.9E-08	1.00E-12
0.001	7.9E-36	7.8E-30	2.8E-19	1.6E-11	1.7E-07	1.00E-12
0.0009	8.9E-33	1.2E-27	3.4E-18	4.2E-11	2.5E-07	1.00E-12
0.0008	1.1E-29	2.2E-25	5.0E-17	1.2E-10	3.9E-07	1.00E-12
0.0007	1.4E-26	4.8E-23	9.0E-16	3.9E-10	6.6E-07	1.00E-12
0.0006	1.9E-23	1.3E-20	2.0E-14	1.5E-09	1.2E-06	1.00E-12
0.0005	2.8E-20	4.5E-18	6.1E-13	7.0E-09	2.6E-06	1.00E-12
0.0004	4.7E-17	2.0E-15	2.3E-11	4.4E-08	6.7E-06	1.00E-12
0.0003	9.3E-14	1.3E-12	1.1E-09	3.9E-07	2.2E-05	1.00E-12
0.0002	2.2E-10	1.2E-09	1.4E-07	6.0E-06	1.0E-04	1.00E-12
0.0001	4.0E-06	2.3E-06	2.2E-05	1.1E-04	9.0E-04	1.00E-12
0.00009	8.6E-06	5.1E-06	4.0E-05	1.7E-04	1.1E-03	1.00E-12
0.00008	1.9E-05	1.2E-05	7.3E-05	2.7E-04	1.2E-03	1.00E-12
0.00007	4.1E-05	2.8E-05	1.4E-04	4.4E-04	1.7E-03	1.00E-12
0.00006	9.2E-05	6.6E-05	2.6E-04	7.4E-04	2.4E-03	1.00E-12
0.00005	2.1E-04	1.6E-04	5.3E-04	1.3E-03	3.7E-03	1.00E-12
0.00004	5.0E-04	4.2E-04	1.1E-03	2.3E-03	5.8E-03	1.00E-12
0.00003	1.3E-03	1.1E-03	2.4E-03	4.4E-03	1.2E-02	1.00E-12
0.00002	3.4E-03	3.3E-03	5.7E-03	1.2E-02	2.1E-02	1.00E-12
0.00001	4.2E-03	1.4E-02	1.6E-02	1.3E-02	9.5E-03	1.00E-12
0.000009	9.2E-03	1.4E-02	1.6E-02	6.8E-03	1.6E-02	1.00E-12
0.000008	9.2E-03	1.4E-02	1.4E-02	3.4E-03	1.5E-02	1.00E-12
0.000007	1.1E-02	1.4E-02	2.1E-02	7.8E-03	1.4E-02	1.00E-12
0.000006	1.4E-02	1.4E-02	2.8E-02	7.8E-03	1.3E-02	1.00E-12
0.000005	1.3E-02	1.4E-02	2.8E-02	2.3E-02	1.3E-02	1.00E-12
0.000004	1.3E-02	1.5E-02	2.8E-02	2.3E-02	6.2E-02	1.00E-12
0.000003	1.3E-02	2.3E-02	1.1E-02	2.3E-02	3.3E-02	1.00E-12
0.000002	1.3E-02	1.1E-02	2.8E-02	2.2E-02	1.9E-02	1.00E-12
0.000001	1.8E-02	1.1E-02	2.9E-02	2.2E-02	2.6E-02	1.00E-12
0.0000009	2.1E-02	1.1E-02	2.9E-02	2.2E-02	2.6E-02	1.00E-12
0.0000008	2.6E-02	1.1E-02	2.9E-02	2.2E-02	2.6E-02	1.00E-12
0.0000007	3.3E-02	1.1E-02	2.9E-02	2.2E-02	2.6E-02	1.00E-12
0.0000006	4.4E-02	1.1E-02	2.9E-02	2.2E-02	2.6E-02	1.00E-12
0.0000005	5.4E-02	1.0E-02	2.9E-02	2.2E-02	1.8E-02	1.00E-12
0.0000004	7.3E-03	1.0E-02	2.9E-02	2.2E-02	1.8E-02	1.00E-12
0.0000003	7.0E-03	8.0E-03	2.9E-02	2.3E-02	1.7E-02	1.00E-12
0.0000002	6.8E-03	7.3E-03	1.4E-02	2.3E-02	1.7E-02	1.00E-12
0.0000001	1.4E-02	8.5E-02	1.4E-02	2.3E-02	1.8E-02	1.00E-12
