Vdark	Idark	Vphoto	Iphoto	R	Vphoto
-20	4.20E-15	-20	1.69062	1.69	-20
-19.9	4.19E-15	-19.9	1.69061	1.69	-19.9
-19.8	4.19E-15	-19.8	1.69061	1.69	-19.8
-19.7	4.19E-15	-19.7	1.6906	1.69	-19.7
-19.6	4.18E-15	-19.6	1.6906	1.69	-19.6
-19.5	4.18E-15	-19.5	1.69059	1.69	-19.5
-19.4	4.18E-15	-19.4	1.69059	1.69	-19.4
-19.3	4.18E-15	-19.3	1.69058	1.69	-19.3
-19.2	4.17E-15	-19.2	1.69058	1.69	-19.2
-19.1	4.17E-15	-19.1	1.69057	1.69	-19.1
-19	4.17E-15	-19	1.69057	1.69	-19
-18.9	4.16E-15	-18.9	1.69056	1.69	-18.9
-18.8	4.16E-15	-18.8	1.69056	1.69	-18.8
-18.7	4.16E-15	-18.7	1.69055	1.69	-18.7
-18.6	4.15E-15	-18.6	1.69054	1.69	-18.6
-18.5	4.16E-15	-18.5	1.69054	1.69	-18.5
-18.4	4.15E-15	-18.4	1.69053	1.69	-18.4
-18.3	4.14E-15	-18.3	1.690530022	1.69	-18.3
-18.2	4.15E-15	-18.2	1.690520114	1.69	-18.2
-18.1	4.15E-15	-18.1	1.690520202	1.69	-18.1
-18	4.14E-15	-18	1.690510287	1.69	-18
-17.9	4.13E-15	-17.9	1.69050037	1.69	-17.9
-17.8	4.14E-15	-17.8	1.690500449	1.69	-17.8
-17.7	4.14E-15	-17.7	1.690490526	1.69	-17.7
-17.6	4.13E-15	-17.6	1.690480601	1.69	-17.6
-17.5	4.12E-15	-17.5	1.690480673	1.69	-17.5
-17.4	4.12E-15	-17.4	1.690470744	1.69	-17.4
-17.3	4.12E-15	-17.3	1.690470812	1.69	-17.3
-17.2	4.11E-15	-17.2	1.690460879	1.69	-17.2
-17.1	4.11E-15	-17.1	1.690450943	1.69	-17.1
-17	4.12E-15	-17	1.690451006	1.69	-17
-16.9	4.10E-15	-16.9	1.690441068	1.69	-16.9
-16.8	4.10E-15	-16.8	1.690431128	1.69	-16.8
-16.7	4.09E-15	-16.7	1.690431187	1.69	-16.7
-16.6	4.09E-15	-16.6	1.690421244	1.69	-16.6
-16.5	4.10E-15	-16.5	1.6904113	1.69	-16.5
-16.4	4.10E-15	-16.4	1.690401355	1.69	-16.4
-16.3	4.08E-15	-16.3	1.690401408	1.69	-16.3
-16.2	4.08E-15	-16.2	1.690391461	1.69	-16.2
-16.1	4.09E-15	-16.1	1.690381512	1.69	-16.1
-16	4.07E-15	-16	1.690381562	1.69	-16
-15.9	4.07E-15	-15.9	1.690371612	1.69	-15.9
-15.8	4.07E-15	-15.8	1.69036166	1.69	-15.8
-15.7	4.07E-15	-15.7	1.690351708	1.69	-15.7
-15.6	4.07E-15	-15.6	1.690351755	1.69	-15.6
-15.5	4.08E-15	-15.5	1.6903418	1.69	-15.5
-15.4	4.09E-15	-15.4	1.690331845	1.69	-15.4
-15.3	4.05E-15	-15.3	1.69032189	1.69	-15.3
-15.2	4.06E-15	-15.2	1.690311933	1.69	-15.2
-15.1	4.02E-15	-15.1	1.690311976	1.69	-15.1
-15	4.03E-15	-15	1.690302018	1.69	-15
-14.9	4.03E-15	-14.9	1.69029206	1.69	-14.9
-14.8	4.04E-15	-14.8	1.690282101	1.69	-14.8
-14.7	4.03E-15	-14.7	1.690272141	1.69	-14.7
-14.6	4.04E-15	-14.6	1.690262181	1.69	-14.6
-14.5	4.04E-15	-14.5	1.69025222	1.69	-14.5
-14.4	4.05E-15	-14.4	1.690242258	1.69	-14.4
-14.3	4.05E-15	-14.3	1.690232296	1.69	-14.3
-14.2	4.05E-15	-14.2	1.690222333	1.69	-14.2
-14.1	4.06E-15	-14.1	1.69021237	1.69	-14.1
-14	4.07E-15	-14	1.690202407	1.69	-14
-13.9	4.01E-15	-13.9	1.690192443	1.69	-13.9
-13.8	4.01E-15	-13.8	1.690182478	1.69	-13.8
-13.7	3.95E-15	-13.7	1.690172513	1.69	-13.7
-13.6	3.96E-15	-13.6	1.690162548	1.69	-13.6
-13.5	3.95E-15	-13.5	1.690152582	1.69	-13.5
-13.4	3.97E-15	-13.4	1.690142616	1.69	-13.4
-13.3	3.96E-15	-13.3	1.690132649	1.69	-13.3
-13.2	4.00E-15	-13.2	1.690122682	1.69	-13.2
-13.1	3.97E-15	-13.1	1.690112714	1.69	-13.1
-13	3.97E-15	-13	1.690092746	1.69	-13
-12.9	3.97E-15	-12.9	1.690082778	1.69	-12.9
-12.8	3.97E-15	-12.8	1.69007281	1.69	-12.8
-12.7	3.98E-15	-12.7	1.690052841	1.69	-12.7
-12.6	3.98E-15	-12.6	1.690042871	1.69	-12.6
-12.5	3.98E-15	-12.5	1.690032902	1.69	-12.5
-12.4	3.99E-15	-12.4	1.690012932	1.69	-12.4
-12.3	4.00E-15	-12.3	1.690002962	1.69	-12.3
-12.2	4.00E-15	-12.2	1.689982991	1.69	-12.2
-12.1	4.00E-15	-12.1	1.68997302	1.69	-12.1
-12	4.00E-15	-12	1.689953049	1.69	-12
-11.9	3.95E-15	-11.9	1.689943078	1.69	-11.9
-11.8	3.95E-15	-11.8	1.689923106	1.69	-11.8
-11.7	3.90E-15	-11.7	1.689903134	1.69	-11.7
-11.6	3.91E-15	-11.6	1.689893162	1.69	-11.6
-11.5	3.89E-15	-11.5	1.689873189	1.69	-11.5
-11.4	3.90E-15	-11.4	1.689853216	1.69	-11.4
-11.3	3.89E-15	-11.3	1.689833243	1.69	-11.3
-11.2	3.90E-15	-11.2	1.68981327	1.69	-11.2
-11.1	3.91E-15	-11.1	1.689793297	1.69	-11.1
-11	3.93E-15	-11	1.689773323	1.69	-11
-10.9	3.92E-15	-10.9	1.689753349	1.69	-10.9
-10.8	3.90E-15	-10.8	1.689733375	1.69	-10.8
-10.7	3.91E-15	-10.7	1.6897034	1.69	-10.7
-10.6	3.91E-15	-10.6	1.689683425	1.69	-10.6
-10.5	3.94E-15	-10.5	1.689663451	1.69	-10.5
-10.4	3.94E-15	-10.4	1.689633475	1.69	-10.4
-10.3	3.95E-15	-10.3	1.6896135	1.69	-10.3
-10.2	3.93E-15	-10.2	1.689583525	1.69	-10.2
-10.1	3.94E-15	-10.1	1.689553549	1.69	-10.1
-10	3.91E-15	-10	1.689523573	1.69	-10
-9.9	3.92E-15	-9.9	1.689503597	1.69	-9.9
-9.8	3.95E-15	-9.8	1.689473621	1.69	-9.8
-9.7	3.94E-15	-9.7	1.689443644	1.69	-9.7
-9.6	3.97E-15	-9.6	1.689413667	1.69	-9.6
-9.5	3.98E-15	-9.5	1.689373691	1.69	-9.5
-9.4	3.98E-15	-9.4	1.689343714	1.69	-9.4
-9.3	4.01E-15	-9.3	1.689313736	1.69	-9.3
-9.2	4.00E-15	-9.2	1.689283759	1.69	-9.2
-9.1	4.03E-15	-9.1	1.689243782	1.69	-9.1
-9	4.00E-15	-9	1.689213804	1.69	-9
-8.9	4.01E-15	-8.9	1.689173826	1.69	-8.9
-8.8	3.97E-15	-8.8	1.689133848	1.69	-8.8
-8.7	3.96E-15	-8.7	1.68909387	1.69	-8.7
-8.6	3.84E-15	-8.6	1.689053891	1.69	-8.6
-8.5	3.82E-15	-8.5	1.689013913	1.69	-8.5
-8.4	3.65E-15	-8.4	1.688973934	1.69	-8.4
-8.3	3.62E-15	-8.3	1.688933956	1.69	-8.3
-8.2	3.66E-15	-8.2	1.688893977	1.69	-8.2
-8.1	3.67E-15	-8.1	1.688843998	1.69	-8.1
-8	3.66E-15	-8	1.688804018	1.69	-8
-7.9	3.66E-15	-7.9	1.688754039	1.69	-7.9
-7.8	3.65E-15	-7.8	1.68871406	1.69	-7.8
-7.7	3.65E-15	-7.7	1.68866408	1.69	-7.7
-7.6	3.64E-15	-7.6	1.6886141	1.69	-7.6
-7.5	3.68E-15	-7.5	1.68856412	1.69	-7.5
-7.4	3.67E-15	-7.4	1.68850414	1.69	-7.4
-7.3	3.72E-15	-7.3	1.68845416	1.69	-7.3
-7.2	3.75E-15	-7.2	1.68839418	1.69	-7.2
-7.1	3.81E-15	-7.1	1.6883442	1.69	-7.1
-7	3.78E-15	-7	1.688284219	1.69	-7
-6.9	3.74E-15	-6.9	1.688224238	1.69	-6.9
-6.8	3.70E-15	-6.8	1.688164258	1.69	-6.8
-6.7	3.67E-15	-6.7	1.688104277	1.69	-6.7
-6.6	3.94E-15	-6.6	1.688044296	1.69	-6.6
-6.5	3.94E-15	-6.5	1.687974315	1.69	-6.5
-6.4	3.95E-15	-6.4	1.687914334	1.69	-6.4
-6.3	3.71E-15	-6.3	1.687844352	1.69	-6.3
-6.2	3.58E-15	-6.2	1.687784371	1.69	-6.2
-6.1	3.56E-15	-6.1	1.687714389	1.69	-6.1
-6	3.60E-15	-6	1.687644408	1.69	-6
-5.9	3.64E-15	-5.9	1.687574426	1.69	-5.9
-5.8	3.68E-15	-5.8	1.687494444	1.69	-5.8
-5.7	3.72E-15	-5.7	1.687424462	1.69	-5.7
-5.6	3.69E-15	-5.6	1.68735448	1.69	-5.6
-5.5	3.74E-15	-5.5	1.687274498	1.69	-5.5
-5.4	3.69E-15	-5.4	1.687194516	1.69	-5.4
-5.3	3.64E-15	-5.3	1.687114533	1.69	-5.3
-5.2	3.53E-15	-5.2	1.687034551	1.69	-5.2
-5.1	3.47E-15	-5.1	1.686954568	1.69	-5.1
-5	3.52E-15	-5	1.686864586	1.69	-5
-4.9	3.54E-15	-4.9	1.686774603	1.69	-4.9
-4.8	3.58E-15	-4.8	1.68669462	1.69	-4.8
-4.7	3.60E-15	-4.7	1.686604637	1.69	-4.7
-4.6	3.65E-15	-4.6	1.686514654	1.69	-4.6
-4.5	3.70E-15	-4.5	1.686414671	1.69	-4.5
-4.4	3.70E-15	-4.4	1.686324688	1.69	-4.4
-4.3	3.76E-15	-4.3	1.686224705	1.69	-4.3
-4.2	3.65E-15	-4.2	1.686124722	1.69	-4.2
-4.1	3.51E-15	-4.1	1.686024738	1.69	-4.1
-4	3.53E-15	-4	1.685924755	1.69	-4
-3.9	3.53E-15	-3.9	1.685824771	1.69	-3.9
-3.8	3.60E-15	-3.8	1.685714787	1.69	-3.8
-3.7	3.66E-15	-3.7	1.685604804	1.69	-3.7
-3.6	3.65E-15	-3.6	1.68548482	1.69	-3.6
-3.5	3.66E-15	-3.5	1.685364836	1.69	-3.5
-3.4	3.73E-15	-3.4	1.685244852	1.69	-3.4
-3.3	3.45E-15	-3.3	1.685114868	1.69	-3.3
-3.2	3.45E-15	-3.2	1.684974884	1.68	-3.2
-3.1	3.51E-15	-3.1	1.6848349	1.68	-3.1
-3	3.51E-15	-3	1.684684915	1.68	-3
-2.9	3.52E-15	-2.9	1.684534931	1.68	-2.9
-2.8	3.56E-15	-2.8	1.684364946	1.68	-2.8
-2.7	3.61E-15	-2.7	1.684194962	1.68	-2.7
-2.6	3.62E-15	-2.6	1.684004977	1.68	-2.6
-2.5	3.66E-15	-2.5	1.683814993	1.68	-2.5
-2.4	3.65E-15	-2.4	1.683615008	1.68	-2.4
-2.3	3.68E-15	-2.3	1.683405023	1.68	-2.3
-2.2	3.74E-15	-2.2	1.683195038	1.68	-2.2
-2.1	3.80E-15	-2.1	1.682975053	1.68	-2.1
-2	3.79E-15	-2	1.682745068	1.68	-2
-1.9	3.82E-15	-1.9	1.682505083	1.68	-1.9
-1.8	3.88E-15	-1.8	1.682255098	1.68	-1.8
-1.7	3.90E-15	-1.7	1.681995113	1.68	-1.7
-1.6	3.67E-15	-1.6	1.681715128	1.68	-1.6
-1.5	3.57E-15	-1.5	1.681425143	1.68	-1.5
-1.4	3.55E-15	-1.4	1.681095157	1.68	-1.4
-1.3	3.59E-15	-1.3	1.680745172	1.68	-1.3
-1.2	3.62E-15	-1.2	1.680355186	1.68	-1.2
-1.1	3.60E-15	-1.1	1.679925201	1.68	-1.1
-1	3.62E-15	-1	1.679455215	1.68	-1
-0.9	3.66E-15	-0.9	1.678935229	1.68	-0.9
-0.8	3.54E-15	-0.8	1.678355244	1.68	-0.8
-0.7	3.57E-15	-0.7	1.677735258	1.68	-0.7
-0.6	3.53E-15	-0.6	1.677035272	1.68	-0.6
-0.5	3.57E-15	-0.5	1.676255286	1.68	-0.5
-0.4	3.64E-15	-0.4	1.6753753	1.68	-0.4
-0.3	3.62E-15	-0.3	1.674385314	1.67	-0.3
-0.2	3.55E-15	-0.2	1.673295328	1.67	-0.2
-0.1	3.47E-15	-0.1	1.672065342	1.67	-0.1
0	1.54E-30	0	1.67064	1.67	0
0.1	1.64874E-13	0.1	1.74340446	1.74	0.1
0.2	8.01615E-12	0.2	1.752350053	1.75	0.2
0.3	3.79798E-10	0.3	1.756334772	1.76	0.3
0.4	1.61149E-08	0.4	1.757657798	1.76	0.4
0.5	1.40746E-07	0.5	1.75522117	1.76	0.5
0.6	6.38166E-07	0.6	1.720825334	1.72	0.6
0.7	1.75228E-05	0.7	1.484090051	1.48	0.7
0.8	0.000238151	0.8	0.863621624	0.86	0.8
0.9	0.000676139	0.9	0.250683462	0.25	0.9
1	0.00122293	1	0.485272764	0.48	1
1.1	0.00216142	1.1	0.786237538	0.78	1.1
1.2	0.00261859	1.2	0.857219304	0.85	1.2
1.3	0.00295889	1.3	0.880576775	0.88	1.3
1.4	0.00328804	1.4	0.895796877	0.89	1.4
1.5	0.00362615	1.5	0.908747676	0.91	1.5
1.6	0.00398189	1.6	0.920309027	0.92	1.6
1.7	0.00436346	1.7	0.930530578	0.93	1.7
1.8	0.0047788	1.8	0.939828321	0.94	1.8
1.9	0.00523411	1.9	0.948878144	0.94	1.9
2	0.00573328	2	0.957726383	0.95	2
2.1	0.00627857	2.1	0.965934086	0.96	2.1
2.2	0.0068713	2.2	0.973458749	0.97	2.2
2.3	0.00751232	2.3	0.980553868	0.97	2.3
2.4	0.00820228	2.4	0.987432204	0.98	2.4
2.5	0.00894163	2.5	0.994229779	0.99	2.5
2.6	0.00973071	2.6	1.001013986	0.99	2.6
2.7	0.0105698	2.7	1.007720666	1.00	2.7
2.8	0.011459	2.8	1.014152289	1.00	2.8
2.9	0.0123985	2.9	1.020187512	1.01	2.9
3	0.0133883	3	1.025861624	1.01	3
3.1	0.0144286	3.1	1.031299727	1.02	3.1
3.2	0.0155194	3.2	1.036633111	1.02	3.2
3.3	0.0166608	3.3	1.041964326	1.03	3.3
3.4	0.0178526	3.4	1.047372662	1.03	3.4
3.5	0.0190949	3.5	1.052896669	1.03	3.5
3.6	0.0203878	3.6	1.058498269	1.04	3.6
3.7	0.021731	3.7	1.064061012	1.04	3.7
3.8	0.0231247	3.8	1.069487452	1.05	3.8
3.9	0.0245688	3.9	1.074768323	1.05	3.9
4	0.0260633	4	1.079951995	1.05	4
4.1	0.0276081	4.1	1.085095019	1.06	4.1
4.2	0.0292032	4.2	1.090227762	1.06	4.2
4.3	0.0308487	4.3	1.095349778	1.06	4.3
4.4	0.0325444	4.4	1.100435249	1.07	4.4
4.5	0.0342905	4.5	1.105464729	1.07	4.5
4.6	0.0360868	4.6	1.110451401	1.07	4.6
4.7	0.0379333	4.7	1.115436632	1.08	4.7
4.8	0.0398301	4.8	1.120461608	1.08	4.8
4.9	0.0417772	4.9	1.12553888	1.08	4.9
5	0.0437744	5	1.130649447	1.09	5
5.1	0.0458219	5.1	1.135751495	1.09	5.1
5.2	0.0479195	5.2	1.140830575	1.09	5.2
5.3	0.0500673	5.3	1.145884502	1.10	5.3
5.4	0.0522652	5.4	1.15091383	1.10	5.4
5.5	0.0545132	5.5	1.155948374	1.10	5.5
5.6	0.0568113	5.6	1.160988686	1.10	5.6
5.7	0.0591594	5.7	1.166034765	1.11	5.7
5.8	0.0615575	5.8	1.171056613	1.11	5.8
5.9	0.0640055	5.9	1.176034597	1.11	5.9
6	0.0665035	6	1.1809789	1.11	6
6.1	0.0690513	6.1	1.18586934	1.12	6.1
6.2	0.071649	6.2	1.190726284	1.12	6.2
6.3	0.0742964	6.3	1.195559916	1.12	6.3
6.4	0.0769936	6.4	1.200400235	1.12	6.4
6.5	0.0797404	6.5	1.205237427	1.13	6.5
6.6	0.0825369	6.6	1.210081307	1.13	6.6
6.7	0.085383	6.7	1.214922427	1.13	6.7
6.8	0.0882785	6.8	1.219750603	1.13	6.8
6.9	0.0912236	6.9	1.224545834	1.13	6.9
7	0.094218	7	1.22930849	1.14	7
7.1	0.0972619	7.1	1.23404857	1.14	7.1
7.2	0.100355	7.2	1.23875589	1.14	7.2
7.3	0.103497	7.3	1.243460817	1.14	7.3
7.4	0.106689	7.4	1.248143353	1.14	7.4
7.5	0.10993	7.5	1.252823681	1.14	7.5
7.6	0.113219	7.6	1.257481617	1.14	7.6
7.7	0.116558	7.7	1.262147345	1.15	7.7
7.8	0.119946	7.8	1.266790864	1.15	7.8
7.9	0.123382	7.9	1.27143236	1.15	7.9
8	0.126867	8	1.276071832	1.15	8
8.1	0.130402	8.1	1.28071928	1.15	8.1
8.2	0.133984	8.2	1.285374704	1.15	8.2
8.3	0.137616	8.3	1.290058472	1.15	8.3
8.4	0.141296	8.4	1.294750215	1.15	8.4
8.5	0.145024	8.5	1.299460303	1.15	8.5
8.6	0.148801	8.6	1.304168551	1.16	8.6
8.7	0.152626	8.7	1.308865143	1.16	8.7
8.8	0.156499	8.8	1.313540079	1.16	8.8
8.9	0.160421	8.9	1.318203358	1.16	8.9
9	0.164391	9	1.322845166	1.16	9
9.1	0.168409	9.1	1.327495318	1.16	9.1
9.2	0.172474	9.2	1.332143998	1.16	9.2
9.3	0.176588	9.3	1.336811206	1.16	9.3
9.4	0.18075	9.4	1.341507126	1.16	9.4
9.5	0.184959	9.5	1.346241574	1.16	9.5
9.6	0.189216	9.6	1.350984549	1.16	9.6
9.7	0.19352	9.7	1.355756237	1.16	9.7
9.8	0.197872	9.8	1.360546637	1.16	9.8
9.9	0.202272	9.9	1.365355749	1.16	9.9
10	0.206719	10	1.370183573	1.16	10
10.1	0.211213	10.1	1.375030109	1.16	10.1
10.2	0.215754	10.2	1.379905541	1.16	10.2
10.3	0.220343	10.3	1.384809684	1.16	10.3
10.4	0.224978	10.4	1.389732724	1.16	10.4
10.5	0.22966	10.5	1.39467466	1.17	10.5
10.6	0.23439	10.6	1.399615492	1.17	10.6
10.7	0.239166	10.7	1.404555404	1.17	10.7
10.8	0.243988	10.8	1.409464028	1.17	10.8
10.9	0.248858	10.9	1.414341732	1.17	10.9
11	0.253774	11	1.419208331	1.17	11
11.1	0.258736	11.1	1.424053827	1.17	11.1
11.2	0.263744	11.2	1.428888587	1.17	11.2
11.3	0.268799	11.3	1.433722243	1.16	11.3
11.4	0.2739	11.4	1.438564979	1.16	11.4
11.5	0.279047	11.5	1.443416795	1.16	11.5
11.6	0.28424	11.6	1.448267691	1.16	11.6
11.7	0.289478	11.7	1.453127667	1.16	11.7
11.8	0.294763	11.8	1.458006722	1.16	11.8
11.9	0.300093	11.9	1.462885042	1.16	11.9
12	0.305468	12	1.467782442	1.16	12
12.1	0.310889	12.1	1.472688922	1.16	12.1
12.2	0.316356	12.2	1.477594666	1.16	12.2
12.3	0.321867	12.3	1.482519674	1.16	12.3
12.4	0.327424	12.4	1.487453762	1.16	12.4
12.5	0.333026	12.5	1.492377114	1.16	12.5
12.6	0.338672	12.6	1.497319914	1.16	12.6
12.7	0.344364	12.7	1.502251793	1.16	12.7
12.8	0.3501	12.8	1.507192937	1.16	12.8
12.9	0.355881	12.9	1.512143345	1.16	12.9
13	0.361706	13	1.517113017	1.16	13
13.1	0.367575	13.1	1.522081953	1.15	13.1
13.2	0.373489	13.2	1.527080337	1.15	13.2
13.3	0.379447	13.3	1.532097985	1.15	13.3
13.4	0.385449	13.4	1.537134897	1.15	13.4
13.5	0.391495	13.5	1.542191257	1.15	13.5
13.6	0.397585	13.6	1.54726688	1.15	13.6
13.7	0.403718	13.7	1.552361952	1.15	13.7
13.8	0.409895	13.8	1.557486288	1.15	13.8
13.9	0.416116	13.9	1.562620072	1.15	13.9
14	0.422379	14	1.567783304	1.15	14
14.1	0.428686	14.1	1.572955984	1.14	14.1
14.2	0.435037	14.2	1.578157928	1.14	14.2
14.3	0.44143	14.3	1.58336932	1.14	14.3
14.4	0.447866	14.4	1.58860016	1.14	14.4
14.5	0.454345	14.5	1.593830448	1.14	14.5
14.6	0.460866	14.6	1.599070183	1.14	14.6
14.7	0.46743	14.7	1.604309367	1.14	14.7
14.8	0.474037	14.8	1.609547999	1.14	14.8
14.9	0.480686	14.9	1.614786079	1.13	14.9
15	0.487377	15	1.620023791	1.13	15
15.1	0.49411	15.1	1.625260767	1.13	15.1
15.2	0.500885	15.2	1.630507375	1.13	15.2
15.3	0.507702	15.3	1.635743431	1.13	15.3
15.4	0.514561	15.4	1.640998935	1.13	15.4
15.5	0.521462	15.5	1.646254071	1.12	15.5
15.6	0.528404	15.6	1.651508655	1.12	15.6
15.7	0.535388	15.7	1.656772871	1.12	15.7
15.8	0.542413	15.8	1.662036534	1.12	15.8
15.9	0.54948	15.9	1.667299646	1.12	15.9
16	0.556587	16	1.672572574	1.12	16
16.1	0.563736	16.1	1.677844766	1.11	16.1
16.2	0.570926	16.2	1.68311659	1.11	16.2
16.3	0.578156	16.3	1.688398046	1.11	16.3
16.4	0.585428	16.4	1.693689134	1.11	16.4
16.5	0.59274	16.5	1.69897967	1.11	16.5
16.6	0.600093	16.6	1.704289838	1.10	16.6
16.7	0.607486	16.7	1.709599454	1.10	16.7
16.8	0.61492	16.8	1.714928886	1.10	16.8
16.9	0.622394	16.9	1.720267766	1.10	16.9
17	0.629909	17	1.725616277	1.10	17
17.1	0.637464	17.1	1.730974421	1.09	17.1
17.2	0.645059	17.2	1.736342197	1.09	17.2
17.3	0.652694	17.3	1.741729421	1.09	17.3
17.4	0.660369	17.4	1.747136461	1.09	17.4
17.5	0.668084	17.5	1.752553133	1.08	17.5
17.6	0.675839	17.6	1.757989253	1.08	17.6
17.7	0.683634	17.7	1.763455189	1.08	17.7
17.8	0.691468	17.8	1.768940757	1.08	17.8
17.9	0.699342	17.9	1.774455773	1.08	17.9
18	0.707256	18	1.779990605	1.07	18
18.1	0.715209	18.1	1.785545069	1.07	18.1
18.2	0.723202	18.2	1.791139165	1.07	18.2
18.3	0.731234	18.3	1.796742892	1.07	18.3
18.4	0.739306	18.4	1.802386436	1.06	18.4
18.5	0.747417	18.5	1.808039428	1.06	18.5
18.6	0.755567	18.6	1.813712236	1.06	18.6
18.7	0.763757	18.7	1.819404676	1.06	18.7
18.8	0.771985	18.8	1.825126748	1.05	18.8
18.9	0.780253	18.9	1.830858636	1.05	18.9
19	0.78856	19	1.836610156	1.05	19
19.1	0.796905	19.1	1.842391308	1.05	19.1
19.2	0.80529	19.2	1.848192092	1.04	19.2
19.3	0.813714	19.3	1.854022692	1.04	19.3
19.4	0.822176	19.4	1.859872924	1.04	19.4
19.5	0.830678	19.5	1.865762972	1.04	19.5
19.6	0.839218	19.6	1.871682652	1.03	19.6
19.7	0.847797	19.7	1.877641963	1.03	19.7
19.8	0.856414	19.8	1.883641091	1.03	19.8
19.9	0.86507	19.9	1.889679851	1.02	19.9
20	0.873765	20	1.895768427	1.02	20
