100 nm


lambda, Y
300, 0.349961
305, 0.343219
310, 0.337648
315, 0.333395
320, 0.33091
325, 0.329675
330, 0.329567
335, 0.329868
340, 0.330185
345, 0.330128
350, 0.329706
355, 0.329129
360, 0.328856
365, 0.328908
370, 0.329062
375, 0.328996
380, 0.328711
385, 0.328713
390, 0.328678
395, 0.327597
400, 0.328345
405, 0.332145
410, 0.336938
415, 0.341695
420, 0.348191
425, 0.38243
430, 0.375808
435, 0.368197
440, 0.361038
445, 0.35278
450, 0.343378
455, 0.333284
460, 0.322436
465, 0.311232
470, 0.299993
475, 0.288708
480, 0.276258
485, 0.261719
490, 0.245457
495, 0.228934
500, 0.213697
505, 0.200485
510, 0.189054
515, 0.17871
520, 0.168968
525, 0.159679
530, 0.150673
535, 0.141937
540, 0.133583
545, 0.125682
550, 0.118312
555, 0.111541
560, 0.105397
565, 0.0998001
570, 0.0947296
575, 0.0905759
580, 0.087072
585, 0.0843592
590, 0.0824284
595, 0.0815046
600, 0.0818733
605, 0.0834791
610, 0.0856108
615, 0.0873122
620, 0.0884997
625, 0.0898597
630, 0.092506
635, 0.094817
640, 0.093353
645, 0.0898
650, 0.0875826
655, 0.0886391
660, 0.0932426
665, 0.101847
670, 0.114283
675, 0.130245
680, 0.148249
685, 0.165187
690, 0.177157
695, 0.181174
700, 0.17679
705, 0.16607
710, 0.152063
715, 0.137328
720, 0.123395
725, 0.110903
730, 0.100007
735, 0.0907373
740, 0.0829948
745, 0.0763583
750, 0.0706327
755, 0.0659896
760, 0.0619137
765, 0.0585436
770, 0.0557882
775, 0.0535484
780, 0.0519203
785, 0.0506516
790, 0.049451
795, 0.0499647
800, 0.0517925
805, 0.0553988
810, 0.0616957
815, 0.0723229
820, 0.090499
825, 0.116042
830, 0.125313
835, 0.103977
840, 0.0841199
845, 0.0758894
850, 0.0762744
855, 0.0803772
860, 0.0776811
865, 0.0698984
870, 0.0649741
875, 0.0629545
880, 0.0625314
885, 0.0629833
890, 0.0640054
895, 0.0655399
900, 0.067599
905, 0.0695376
910, 0.0701521
915, 0.0702086
920, 0.0705542
925, 0.0712923
930, 0.0724758
935, 0.0738592
940, 0.0752739
945, 0.0771916
950, 0.0797661
955, 0.0829135
960, 0.0869448
965, 0.0894373
970, 0.0879328
975, 0.0850988
980, 0.0827728
985, 0.0818241
990, 0.0812497
995, 0.0813928
1000, 0.0815909
1005, 0.0824133
1010, 0.0833682
1015, 0.0852767
1020, 0.0875335
1025, 0.0901362
1030, 0.0905132
1035, 0.0878307
1040, 0.0843144
1045, 0.0812349
1050, 0.0793436
1055, 0.0781216
1060, 0.0771656
1065, 0.0768362
1070, 0.0768894
1075, 0.0771777
1080, 0.0781525
1085, 0.0797668
1090, 0.0810443
1095, 0.0806571
1100, 0.0784039
1105, 0.0755439
1110, 0.0730105
1115, 0.07104
1120, 0.0696802
1125, 0.0689043
1130, 0.0686053
1135, 0.0686902
1140, 0.0691446
1145, 0.0699201
1150, 0.0706262
1155, 0.0704331
1160, 0.068916
1165, 0.066732
1170, 0.0647157
1175, 0.0631933
1180, 0.0621738
1185, 0.0616052
1190, 0.0614589
1195, 0.0617149
1200, 0.0622654
1205, 0.0627555
1210, 0.0626136
1215, 0.0615911
1220, 0.0601037
1225, 0.0587104
1230, 0.0576858
1235, 0.0570819
1240, 0.0568678
1245, 0.0569579
1250, 0.0571539
1255, 0.0571153
1260, 0.0565693
1265, 0.0556118
1270, 0.054584
1275, 0.0537394
1280, 0.0531645
1285, 0.0528404
1290, 0.0526619
1295, 0.0524549
1300, 0.0520868
1305, 0.0515824
1310, 0.0510441
1315, 0.050526
1320, 0.0500295
1325, 0.0495567
1330, 0.0491391
1335, 0.048811
1340, 0.0485276
1345, 0.0481753
1350, 0.0477134
1355, 0.0472742
1360, 0.0470355
1365, 0.0469819
1370, 0.0468848
1375, 0.0466027
1380, 0.046318
1385, 0.0462897
1390, 0.0464127
1395, 0.0463366
1400, 0.0460726
1405, 0.046028
1410, 0.046254
1415, 0.0462843
1420, 0.0460537
1425, 0.0461004
1430, 0.0464366
1435, 0.0464512
1440, 0.0462945
1445, 0.0466224
1450, 0.0470257
1455, 0.0469541
1460, 0.0471826
1465, 0.0479623
1470, 0.0482925
1475, 0.0486794
1480, 0.0504481
1485, 0.0555397
1490, 0.0591596
1495, 0.0582732
1500, 0.0629851
1505, 0.0650502
1510, 0.0648481
1515, 0.0645593
1520, 0.0647785
1525, 0.065838
1530, 0.066931
1535, 0.0681653
1540, 0.0694015
1545, 0.0696569
1550, 0.0697401
1555, 0.0690975
1560, 0.0677716
1565, 0.0667398
1570, 0.0649786
1575, 0.0636313
1580, 0.0622812
1585, 0.060686
1590, 0.0598011
1595, 0.0583267
1600, 0.0575247

150 nm


lambda, Y
300, 0.381059
305, 0.371661
310, 0.364673
315, 0.359313
320, 0.355233
325, 0.351482
330, 0.347838
335, 0.343913
340, 0.33988
345, 0.33591
350, 0.332273
355, 0.329152
360, 0.326551
365, 0.32402
370, 0.321323
375, 0.31852
380, 0.315801
385, 0.312779
390, 0.309772
395, 0.307521
400, 0.304073
405, 0.299389
410, 0.295054
415, 0.29245
420, 0.292471
425, 0.303113
430, 0.311714
435, 0.300566
440, 0.292616
445, 0.287493
450, 0.28209
455, 0.275604
460, 0.268016
465, 0.260024
470, 0.252054
475, 0.244199
480, 0.236102
485, 0.227445
490, 0.217936
495, 0.206506
500, 0.191378
505, 0.173312
510, 0.157311
515, 0.14572
520, 0.136845
525, 0.128998
530, 0.121466
535, 0.114037
540, 0.106785
545, 0.0998281
550, 0.0932612
555, 0.0871313
560, 0.0814287
565, 0.0760719
570, 0.0710124
575, 0.0665617
580, 0.0628433
585, 0.0598269
590, 0.0574654
595, 0.0557061
600, 0.0544748
605, 0.0535297
610, 0.0525298
615, 0.0513696
620, 0.0502794
625, 0.0495575
630, 0.049505
635, 0.0498235
640, 0.0500415
645, 0.0506179
650, 0.0522273
655, 0.0554169
660, 0.0601158
665, 0.0660574
670, 0.0722911
675, 0.0775961
680, 0.0810015
685, 0.082144
690, 0.0813177
695, 0.0791217
700, 0.0761259
705, 0.0727459
710, 0.0692594
715, 0.065846
720, 0.0626066
725, 0.0595744
730, 0.0567565
735, 0.0542094
740, 0.0519841
745, 0.0499536
750, 0.0480882
755, 0.046583
760, 0.0451812
765, 0.0440289
770, 0.0431016
775, 0.0424108
780, 0.0419918
785, 0.0409698
790, 0.0372621
795, 0.0352007
800, 0.0346262
805, 0.0354843
810, 0.0381907
815, 0.0437212
820, 0.0541923
825, 0.0704053
830, 0.0785525
835, 0.0659436
840, 0.0524621
845, 0.046328
850, 0.045986
855, 0.0484088
860, 0.0467985
865, 0.041875
870, 0.0386813
875, 0.0373821
880, 0.0372003
885, 0.0377
890, 0.0387162
895, 0.0402646
900, 0.0423926
905, 0.0444495
910, 0.0452496
915, 0.0455899
920, 0.0463182
925, 0.0475166
930, 0.0491916
935, 0.0511658
940, 0.0533535
945, 0.0561474
950, 0.0597506
955, 0.0642538
960, 0.0698132
965, 0.0736752
970, 0.0731863
975, 0.0712973
980, 0.0701537
985, 0.0704506
990, 0.0712868
995, 0.0728939
1000, 0.0746925
1005, 0.0771904
1010, 0.0800122
1015, 0.0839309
1020, 0.0884152
1025, 0.0929338
1030, 0.0942887
1035, 0.0916704
1040, 0.0882402
1045, 0.0855773
1050, 0.0842362
1055, 0.0837077
1060, 0.0834954
1065, 0.0838762
1070, 0.0847121
1075, 0.0858547
1080, 0.0876746
1085, 0.0900637
1090, 0.0917243
1095, 0.0909237
1100, 0.0877745
1105, 0.0841513
1110, 0.0811523
1115, 0.0789062
1120, 0.0773485
1125, 0.076416
1130, 0.0760183
1135, 0.0760757
1140, 0.0765457
1145, 0.077276
1150, 0.0776849
1155, 0.0768223
1160, 0.0744745
1165, 0.0715991
1170, 0.0690942
1175, 0.0672246
1180, 0.0659443
1185, 0.065168
1190, 0.0648448
1195, 0.064923
1200, 0.0652346
1205, 0.0653437
1210, 0.0646793
1215, 0.0631489
1220, 0.0612986
1225, 0.0596734
1230, 0.0584859
1235, 0.0577444
1240, 0.0573881
1245, 0.0572998
1250, 0.0572466
1255, 0.0568894
1260, 0.0560374
1265, 0.0548774
1270, 0.0537523
1275, 0.0528641
1280, 0.0522527
1285, 0.0518645
1290, 0.051574
1295, 0.0512164
1300, 0.0507092
1305, 0.0501198
1310, 0.0495487
1315, 0.0490245
1320, 0.0485257
1325, 0.0480417
1330, 0.0476066
1335, 0.0472655
1340, 0.0469853
1345, 0.0466602
1350, 0.0462477
1355, 0.0458588
1360, 0.0456551
1365, 0.0456338
1370, 0.0455879
1375, 0.0453696
1380, 0.0451343
1385, 0.0451422
1390, 0.0453255
1395, 0.0453332
1400, 0.0451273
1405, 0.0451189
1410, 0.0454346
1415, 0.0455912
1420, 0.0454164
1425, 0.0455016
1430, 0.0460082
1435, 0.0462068
1440, 0.0460746
1445, 0.0465395
1450, 0.0473502
1455, 0.0474837
1460, 0.0478171
1465, 0.049417
1470, 0.0507767
1475, 0.0517954
1480, 0.0568326
1485, 0.0849547
1490, 0.0960545
1495, 0.0930798
1500, 0.110396
1505, 0.109781
1510, 0.100782
1515, 0.0967559
1520, 0.0954581
1525, 0.094997
1530, 0.0967082
1535, 0.0982807
1540, 0.0995376
1545, 0.100371
1550, 0.0995834
1555, 0.0979482
1560, 0.0953657
1565, 0.0923586
1570, 0.0892628
1575, 0.0862404
1580, 0.0834797
1585, 0.0808831
1590, 0.0786959
1595, 0.0765746
1600, 0.0748452

200 nm


lambda, Y
300, 0.37049
305, 0.369354
310, 0.367419
315, 0.364982
320, 0.362329
325, 0.359669
330, 0.357138
335, 0.354868
340, 0.35304
345, 0.351835
350, 0.35136
355, 0.351746
360, 0.352583
365, 0.352655
370, 0.350836
375, 0.347432
380, 0.343439
385, 0.339657
390, 0.333227
395, 0.328482
400, 0.328662
405, 0.325539
410, 0.316075
415, 0.304143
420, 0.295473
425, 0.302836
430, 0.316386
435, 0.315019
440, 0.304547
445, 0.287142
450, 0.266802
455, 0.248063
460, 0.233243
465, 0.22207
470, 0.21336
475, 0.206712
480, 0.202693
485, 0.200493
490, 0.19868
495, 0.196063
500, 0.19152
505, 0.183196
510, 0.168803
515, 0.15315
520, 0.140738
525, 0.130006
530, 0.120121
535, 0.111071
540, 0.102886
545, 0.095502
550, 0.0887581
555, 0.0824755
560, 0.0765245
565, 0.0708055
570, 0.0650653
575, 0.0593211
580, 0.054356
585, 0.0501547
590, 0.0466179
595, 0.043644
600, 0.0411869
605, 0.0392242
610, 0.0378077
615, 0.0370872
620, 0.0370514
625, 0.0370128
630, 0.036237
635, 0.035129
640, 0.03444
645, 0.0345053
650, 0.0353645
655, 0.0368375
660, 0.0392576
665, 0.0434298
670, 0.0500033
675, 0.0586923
680, 0.0667876
685, 0.0693581
690, 0.0648987
695, 0.0570123
700, 0.0493051
705, 0.043241
710, 0.0390881
715, 0.0368921
720, 0.0370144
725, 0.0403536
730, 0.0460947
735, 0.0452571
740, 0.0371016
745, 0.030761
750, 0.0272718
755, 0.0254693
760, 0.0245427
765, 0.0243524
770, 0.0246869
775, 0.0258044
780, 0.0279083
785, 0.0311232
790, 0.032883
795, 0.0380863
800, 0.0480147
805, 0.0534845
810, 0.0429916
815, 0.0313053
820, 0.0247083
825, 0.021252
830, 0.0193758
835, 0.0183211
840, 0.0177175
845, 0.0173806
850, 0.0172172
855, 0.0171779
860, 0.0172341
865, 0.0173676
870, 0.017566
875, 0.0178196
880, 0.0181204
885, 0.0184607
890, 0.0188352
895, 0.0192463
900, 0.0197077
905, 0.0202358
910, 0.0208236
915, 0.0214314
920, 0.0220414
925, 0.0227173
930, 0.0235074
935, 0.0243181
940, 0.025118
945, 0.0260636
950, 0.0270807
955, 0.0280603
960, 0.0292379
965, 0.0304325
970, 0.0316739
975, 0.033124
980, 0.0344978
985, 0.0361633
990, 0.0377423
995, 0.0396272
1000, 0.0414397
1005, 0.0435883
1010, 0.0456512
1015, 0.0481061
1020, 0.0504735
1025, 0.0532205
1030, 0.0560353
1035, 0.059012
1040, 0.062396
1045, 0.0657461
1050, 0.0695333
1055, 0.0736658
1060, 0.0778792
1065, 0.0826641
1070, 0.0879706
1075, 0.0935215
1080, 0.0996507
1085, 0.106478
1090, 0.113451
1095, 0.119843
1100, 0.124692
1105, 0.126471
1110, 0.1239
1115, 0.117382
1120, 0.108968
1125, 0.100776
1130, 0.0938743
1135, 0.0883732
1140, 0.0839851
1145, 0.0803962
1150, 0.0773841
1155, 0.0747999
1160, 0.0725316
1165, 0.0704855
1170, 0.0685878
1175, 0.0667844
1180, 0.065044
1185, 0.0633528
1190, 0.0617075
1195, 0.0601117
1200, 0.0585707
1205, 0.0570888
1210, 0.0556699
1215, 0.054317
1220, 0.0530302
1225, 0.0518095
1230, 0.0506545
1235, 0.0495623
1240, 0.0485299
1245, 0.0475523
1250, 0.046623
1255, 0.0457341
1260, 0.0448783
1265, 0.04405
1270, 0.0432488
1275, 0.0424829
1280, 0.0417686
1285, 0.0411273
1290, 0.0405742
1295, 0.0401056
1300, 0.0396874
1305, 0.0392624
1310, 0.0387778
1315, 0.0382268
1320, 0.0376728
1325, 0.0372202
1330, 0.0369307
1335, 0.0367439
1340, 0.0364979
1345, 0.0360774
1350, 0.0355649
1355, 0.0351949
1360, 0.0350837
1365, 0.0350327
1370, 0.0347327
1375, 0.0342125
1380, 0.0338745
1385, 0.033909
1390, 0.0339069
1395, 0.0334639
1400, 0.0329449
1405, 0.032939
1410, 0.0331085
1415, 0.0326901
1420, 0.032054
1425, 0.0321269
1430, 0.0323711
1435, 0.0317249
1440, 0.0310761
1445, 0.0315095
1450, 0.0315655
1455, 0.0304268
1460, 0.0303496
1465, 0.0315078
1470, 0.0309441
1475, 0.0300215
1480, 0.0348064
1485, 0.0877932
1490, 0.133547
1495, 0.126091
1500, 0.214983
1505, 0.186684
1510, 0.141468
1515, 0.126622
1520, 0.116324
1525, 0.10906
1530, 0.108345
1535, 0.103971
1540, 0.101571
1545, 0.100567
1550, 0.0965657
1555, 0.0955973
1560, 0.093107
1565, 0.0904861
1570, 0.089626
1575, 0.0866689
1580, 0.085758
1585, 0.0839175
1590, 0.082182
1595, 0.0814718
1600, 0.0794078

250 nm


lambda, Y
300, 0.340292
305, 0.33308
310, 0.327447
315, 0.323299
320, 0.32066
325, 0.31928
330, 0.318987
335, 0.319439
340, 0.320489
345, 0.321987
350, 0.323871
355, 0.326427
360, 0.329863
365, 0.333534
370, 0.336042
375, 0.336603
380, 0.335505
385, 0.335154
390, 0.332969
395, 0.325658
400, 0.32462
405, 0.331656
410, 0.33498
415, 0.329923
420, 0.319168
425, 0.321749
430, 0.327159
435, 0.3304
440, 0.336043
445, 0.33896
450, 0.335653
455, 0.326609
460, 0.311145
465, 0.28883
470, 0.260892
475, 0.231692
480, 0.207017
485, 0.19102
490, 0.183861
495, 0.182598
500, 0.183953
505, 0.184832
510, 0.178956
515, 0.16234
520, 0.156227
525, 0.158176
530, 0.158704
535, 0.155883
540, 0.149261
545, 0.139152
550, 0.126817
555, 0.11395
560, 0.101878
565, 0.0911556
570, 0.0813315
575, 0.0719659
580, 0.0640444
585, 0.057346
590, 0.0515686
595, 0.0464912
600, 0.0421429
605, 0.0386109
610, 0.035797
615, 0.0335561
620, 0.0318394
625, 0.0306522
630, 0.0298876
635, 0.0294138
640, 0.0293108
645, 0.0297314
650, 0.0307896
655, 0.0323675
660, 0.0351483
665, 0.0403175
670, 0.0494318
675, 0.063633
680, 0.0803912
685, 0.0890716
690, 0.0823837
695, 0.0670256
700, 0.050947
705, 0.0388242
710, 0.0319028
715, 0.028803
720, 0.0284394
725, 0.0310147
730, 0.0365978
735, 0.0379633
740, 0.031799
745, 0.026736
750, 0.0241432
755, 0.0229313
760, 0.0224703
765, 0.0226704
770, 0.0233224
775, 0.024787
780, 0.0272982
785, 0.0316722
790, 0.0336372
795, 0.0364573
800, 0.0414027
805, 0.043298
810, 0.0364564
815, 0.0287814
820, 0.0240797
825, 0.0213548
830, 0.0196782
835, 0.0185819
840, 0.017822
845, 0.0172652
850, 0.0168407
855, 0.0165111
860, 0.0162558
865, 0.0160615
870, 0.0159184
875, 0.0158184
880, 0.0157547
885, 0.0157228
890, 0.0157233
895, 0.0157619
900, 0.0158436
905, 0.0159604
910, 0.0160869
915, 0.0162058
920, 0.016345
925, 0.0165461
930, 0.0167773
935, 0.0169784
940, 0.0172098
945, 0.0175214
950, 0.0178042
955, 0.0181057
960, 0.0185044
965, 0.0188526
970, 0.0192874
975, 0.0197573
980, 0.0202234
985, 0.020814
990, 0.0213538
995, 0.022061
1000, 0.02271
1005, 0.0235507
1010, 0.0243433
1015, 0.0253415
1020, 0.026339
1025, 0.0275096
1030, 0.0288185
1035, 0.0302004
1040, 0.0319125
1045, 0.0337108
1050, 0.0358414
1055, 0.0384084
1060, 0.0412696
1065, 0.044804
1070, 0.0492297
1075, 0.0545903
1080, 0.0614515
1085, 0.0705489
1090, 0.0823432
1095, 0.0970367
1100, 0.113509
1105, 0.127034
1110, 0.130416
1115, 0.121975
1120, 0.10816
1125, 0.0954697
1130, 0.0862037
1135, 0.0801035
1140, 0.076251
1145, 0.0738319
1150, 0.0722801
1155, 0.071221
1160, 0.0703975
1165, 0.0696202
1170, 0.06875
1175, 0.0676926
1180, 0.0663974
1185, 0.0648528
1190, 0.0630765
1195, 0.0611074
1200, 0.0589953
1205, 0.0567932
1210, 0.0545523
1215, 0.0523165
1220, 0.0501231
1225, 0.0480003
1230, 0.0459681
1235, 0.0440394
1240, 0.0422208
1245, 0.0405137
1250, 0.0389175
1255, 0.0374299
1260, 0.0360489
1265, 0.0347751
1270, 0.0336113
1275, 0.0325608
1280, 0.0316244
1285, 0.0307938
1290, 0.0300493
1295, 0.0293602
1300, 0.0286953
1305, 0.0280376
1310, 0.0273998
1315, 0.0268211
1320, 0.0263406
1325, 0.0259612
1330, 0.0256305
1335, 0.0252732
1340, 0.0248593
1345, 0.0244462
1350, 0.0241286
1355, 0.0239256
1360, 0.0237369
1365, 0.023453
1370, 0.0231091
1375, 0.0228568
1380, 0.0227401
1385, 0.0226018
1390, 0.0223201
1395, 0.0220318
1400, 0.021912
1405, 0.0218378
1410, 0.0215911
1415, 0.0213003
1420, 0.0212055
1425, 0.0211362
1430, 0.0208544
1435, 0.0206109
1440, 0.0205884
1445, 0.0204415
1450, 0.0201612
1455, 0.0201447
1460, 0.0201665
1465, 0.0201016
1470, 0.0205518
1475, 0.0212769
1480, 0.0233345
1485, 0.0380575
1490, 0.0416225
1495, 0.0411433
1500, 0.0781106
1505, 0.10422
1510, 0.0923749
1515, 0.0844359
1520, 0.0789306
1525, 0.0779547
1530, 0.0803671
1535, 0.0814764
1540, 0.0845022
1545, 0.0867128
1550, 0.087714
1555, 0.0896557
1560, 0.089483
1565, 0.0899198
1570, 0.0897696
1575, 0.0887781
1580, 0.0887211
1585, 0.0872682
1590, 0.0868194
1595, 0.0857121
1600, 0.0846716

300 nm


lambda, Y
300, 0.260255
305, 0.253315
310, 0.247614
315, 0.242951
320, 0.239257
325, 0.236206
330, 0.2337
335, 0.231487
340, 0.229478
345, 0.227594
350, 0.225868
355, 0.224437
360, 0.223606
365, 0.223598
370, 0.224339
375, 0.22524
380, 0.225802
385, 0.226448
390, 0.227796
395, 0.226063
400, 0.223241
405, 0.225956
410, 0.233405
415, 0.240521
420, 0.243577
425, 0.251079
430, 0.241463
435, 0.231996
440, 0.227666
445, 0.230644
450, 0.233416
455, 0.233532
460, 0.231548
465, 0.228259
470, 0.22322
475, 0.21444
480, 0.198662
485, 0.173779
490, 0.145671
495, 0.12607
500, 0.118465
505, 0.117927
510, 0.11726
515, 0.106922
520, 0.0932869
525, 0.0920495
530, 0.0932482
535, 0.0932122
540, 0.0921172
545, 0.0904836
550, 0.0886942
555, 0.0868913
560, 0.0849053
565, 0.0821856
570, 0.0778039
575, 0.0716875
580, 0.0649454
585, 0.0582993
590, 0.0522595
595, 0.0469973
600, 0.0423196
605, 0.0377964
610, 0.0331155
615, 0.0285994
620, 0.0248535
625, 0.0220377
630, 0.020023
635, 0.0186559
640, 0.0178675
645, 0.0176116
650, 0.0179451
655, 0.0190898
660, 0.0214271
665, 0.0253342
670, 0.0306559
675, 0.0358886
680, 0.0386447
685, 0.0379995
690, 0.035031
695, 0.0309586
700, 0.0260572
705, 0.0201241
710, 0.0143479
715, 0.0111419
720, 0.0103713
725, 0.0105164
730, 0.0108132
735, 0.0110799
740, 0.0113184
745, 0.0115636
750, 0.0118536
755, 0.0122451
760, 0.0127951
765, 0.0135973
770, 0.014817
775, 0.0167486
780, 0.020003
785, 0.0255456
790, 0.031424
795, 0.0384436
800, 0.0422538
805, 0.0366805
810, 0.0280527
815, 0.0222337
820, 0.0190302
825, 0.0173876
830, 0.0167229
835, 0.0168476
840, 0.0178162
845, 0.0194169
850, 0.0197735
855, 0.0183286
860, 0.017777
865, 0.0188794
870, 0.0212097
875, 0.022656
880, 0.0204563
885, 0.0167407
890, 0.0140858
895, 0.0125775
900, 0.0117762
905, 0.0113832
910, 0.0111584
915, 0.0108844
920, 0.0106253
925, 0.0104824
930, 0.0104382
935, 0.010459
940, 0.0105281
945, 0.0106483
950, 0.0108279
955, 0.0110874
960, 0.0114544
965, 0.0118346
970, 0.0119797
975, 0.01192
980, 0.0118775
985, 0.0119313
990, 0.0120597
995, 0.0122603
1000, 0.0125232
1005, 0.0128742
1010, 0.0133359
1015, 0.013976
1020, 0.0148365
1025, 0.0158344
1030, 0.0165
1035, 0.0165159
1040, 0.0163111
1045, 0.0162826
1050, 0.0165289
1055, 0.0170379
1060, 0.0178159
1065, 0.0189369
1070, 0.0205215
1075, 0.0227469
1080, 0.025754
1085, 0.0292063
1090, 0.0318948
1095, 0.0330864
1100, 0.0339036
1105, 0.0356033
1110, 0.0381357
1115, 0.0399834
1120, 0.0393194
1125, 0.0364682
1130, 0.0333246
1135, 0.0310157
1140, 0.0296979
1145, 0.029196
1150, 0.0292939
1155, 0.0297406
1160, 0.0302331
1165, 0.0306139
1170, 0.030999
1175, 0.0315401
1180, 0.0322758
1185, 0.0331781
1190, 0.0342026
1195, 0.0352991
1200, 0.036396
1205, 0.0373617
1210, 0.0379821
1215, 0.0380698
1220, 0.0376443
1225, 0.0368545
1230, 0.0357908
1235, 0.0344719
1240, 0.0329054
1245, 0.0311137
1250, 0.0291285
1255, 0.0269857
1260, 0.0247538
1265, 0.022553
1270, 0.020504
1275, 0.018665
1280, 0.0170407
1285, 0.015614
1290, 0.0143613
1295, 0.0132616
1300, 0.012302
1305, 0.0114783
1310, 0.0107859
1315, 0.0102146
1320, 0.00974732
1325, 0.00936418
1330, 0.00904735
1335, 0.00878822
1340, 0.00858717
1345, 0.00844532
1350, 0.0083536
1355, 0.00829353
1360, 0.00825485
1365, 0.00824617
1370, 0.00827982
1375, 0.00834729
1380, 0.00842531
1385, 0.00851316
1390, 0.00863837
1395, 0.00880685
1400, 0.00898352
1405, 0.00915919
1410, 0.00938225
1415, 0.00966671
1420, 0.0099509
1425, 0.0102374
1430, 0.0106228
1435, 0.0110894
1440, 0.011529
1445, 0.0120529
1450, 0.0128086
1455, 0.0136064
1460, 0.0144494
1465, 0.0158175
1470, 0.0176157
1475, 0.0196312
1480, 0.0237993
1485, 0.0356524
1490, 0.036326
1495, 0.0380153
1500, 0.0515164
1505, 0.0603195
1510, 0.059148
1515, 0.0579649
1520, 0.0581812
1525, 0.0596452
1530, 0.0626551
1535, 0.0649096
1540, 0.0665863
1545, 0.0674976
1550, 0.0671952
1555, 0.0668423
1560, 0.066189
1565, 0.0655835
1570, 0.0654128
1575, 0.0651738
1580, 0.06539
1585, 0.0656781
1590, 0.066067
1595, 0.0667444
1600, 0.0672504

350 nm


lambda, Y
300, 0.274945
305, 0.276597
310, 0.276899
315, 0.276109
320, 0.274623
325, 0.272495
330, 0.269926
335, 0.266943
340, 0.263719
345, 0.260462
350, 0.25744
355, 0.2548
360, 0.252392
365, 0.249677
370, 0.246523
375, 0.243266
380, 0.240195
385, 0.237263
390, 0.233865
395, 0.231444
400, 0.229016
405, 0.224912
410, 0.221254
415, 0.221638
420, 0.227041
425, 0.24143
430, 0.242852
435, 0.231751
440, 0.22029
445, 0.211786
450, 0.212516
455, 0.216511
460, 0.219285
465, 0.219869
470, 0.218496
475, 0.215514
480, 0.210625
485, 0.202719
490, 0.189057
495, 0.165866
500, 0.137044
505, 0.120357
510, 0.119081
515, 0.118438
520, 0.104744
525, 0.0907658
530, 0.0871943
535, 0.086989
540, 0.0865403
545, 0.0853499
550, 0.0836508
555, 0.0817157
560, 0.0797573
565, 0.0779466
570, 0.0764105
575, 0.0753516
580, 0.0750426
585, 0.0757562
590, 0.0777678
595, 0.0812397
600, 0.0855921
605, 0.0881171
610, 0.0836811
615, 0.0709335
620, 0.0557861
625, 0.042826
630, 0.0328563
635, 0.0253747
640, 0.0204752
645, 0.0176294
650, 0.0161466
655, 0.015685
660, 0.0161595
665, 0.0175166
670, 0.0191523
675, 0.0205725
680, 0.0215893
685, 0.0222327
690, 0.0230039
695, 0.0234442
700, 0.0237695
705, 0.0233783
710, 0.0200479
715, 0.0148631
720, 0.0110589
725, 0.0102143
730, 0.010736
735, 0.0113785
740, 0.0120054
745, 0.0126865
750, 0.0131595
755, 0.0138431
760, 0.0147425
765, 0.015672
770, 0.0173674
775, 0.0199209
780, 0.023982
785, 0.031819
790, 0.0432409
795, 0.0582555
800, 0.0645891
805, 0.0531134
810, 0.0404733
815, 0.0333129
820, 0.029498
825, 0.0275917
830, 0.0272455
835, 0.0279466
840, 0.0300646
845, 0.033408
850, 0.0340148
855, 0.0313203
860, 0.0307906
865, 0.0337189
870, 0.0391969
875, 0.0421818
880, 0.0367297
885, 0.0283722
890, 0.0225706
895, 0.0192859
900, 0.0176041
905, 0.0170053
910, 0.0167048
915, 0.0156879
920, 0.0143932
925, 0.013443
930, 0.0128082
935, 0.0124047
940, 0.0121442
945, 0.0119622
950, 0.0118724
955, 0.0118761
960, 0.0119496
965, 0.01205
970, 0.0120567
975, 0.0119555
980, 0.011887
985, 0.0119092
990, 0.0119674
995, 0.012085
1000, 0.0122714
1005, 0.0125295
1010, 0.0128776
1015, 0.0134092
1020, 0.0141325
1025, 0.01495
1030, 0.0154603
1035, 0.0153907
1040, 0.0151481
1045, 0.0150888
1050, 0.0152818
1055, 0.0157137
1060, 0.0164197
1065, 0.0174874
1070, 0.0190473
1075, 0.0213257
1080, 0.024495
1085, 0.0281614
1090, 0.0310001
1095, 0.0322994
1100, 0.0333402
1105, 0.0354713
1110, 0.038509
1115, 0.0404166
1120, 0.0390206
1125, 0.0350776
1130, 0.0309458
1135, 0.0278284
1140, 0.0258262
1145, 0.024694
1150, 0.0241769
1155, 0.0240161
1160, 0.0239097
1165, 0.0237276
1170, 0.0236007
1175, 0.0236542
1180, 0.0239172
1185, 0.024392
1190, 0.0250645
1195, 0.0259278
1200, 0.0269934
1205, 0.0282307
1210, 0.0295373
1215, 0.0308116
1220, 0.0320671
1225, 0.0334217
1230, 0.0349862
1235, 0.0367978
1240, 0.0388413
1245, 0.0410685
1250, 0.0433347
1255, 0.0453564
1260, 0.0468194
1265, 0.0475687
1270, 0.0476113
1275, 0.046944
1280, 0.0455023
1285, 0.0432558
1290, 0.0402884
1295, 0.0367889
1300, 0.0330301
1305, 0.0293174
1310, 0.0258912
1315, 0.022882
1320, 0.0203251
1325, 0.0181879
1330, 0.0164097
1335, 0.0149418
1340, 0.0137572
1345, 0.0128363
1350, 0.0121405
1355, 0.0116097
1360, 0.0111949
1365, 0.0108893
1370, 0.0107064
1375, 0.0106289
1380, 0.0106057
1385, 0.010617
1390, 0.0107014
1395, 0.0108753
1400, 0.0110814
1405, 0.011288
1410, 0.0115659
1415, 0.0119498
1420, 0.0123442
1425, 0.0127289
1430, 0.0132556
1435, 0.0139203
1440, 0.014539
1445, 0.0152478
1450, 0.0163076
1455, 0.0174475
1460, 0.0185846
1465, 0.0204537
1470, 0.0230194
1475, 0.0257929
1480, 0.0314716
1485, 0.0488236
1490, 0.0466874
1495, 0.0493638
1500, 0.0635975
1505, 0.0672051
1510, 0.0595999
1515, 0.055022
1520, 0.0532983
1525, 0.0527911
1530, 0.0541055
1535, 0.0549128
1540, 0.0552687
1545, 0.0553616
1550, 0.0542806
1555, 0.0531016
1560, 0.0516109
1565, 0.0498485
1570, 0.0484446
1575, 0.0468209
1580, 0.0454806
1585, 0.0442602
1590, 0.0429941
1595, 0.0420848
1600, 0.0410089

400 nm


lambda, Y
300, 0.269319
305, 0.26425
310, 0.260947
315, 0.258953
320, 0.258162
325, 0.258311
330, 0.259272
335, 0.260723
340, 0.26243
345, 0.264258
350, 0.266333
355, 0.26896
360, 0.272251
365, 0.275118
370, 0.27583
375, 0.274104
380, 0.270906
385, 0.268009
390, 0.262466
395, 0.255965
400, 0.254962
405, 0.255571
410, 0.248803
415, 0.238253
420, 0.230879
425, 0.239846
430, 0.254263
435, 0.251902
440, 0.250306
445, 0.236644
450, 0.214699
455, 0.198678
460, 0.191443
465, 0.18904
470, 0.188744
475, 0.189557
480, 0.190702
485, 0.190931
490, 0.189367
495, 0.184174
500, 0.169652
505, 0.142116
510, 0.120492
515, 0.117669
520, 0.118099
525, 0.109055
530, 0.0952219
535, 0.0849802
540, 0.078822
545, 0.0748445
550, 0.071775
555, 0.0690006
560, 0.0662958
565, 0.0636186
570, 0.0609712
575, 0.058523
580, 0.0563932
585, 0.0546514
590, 0.0534761
595, 0.0532255
600, 0.0544252
605, 0.0575536
610, 0.0623625
615, 0.0675158
620, 0.0716366
625, 0.0734867
630, 0.070494
635, 0.0598553
640, 0.0464712
645, 0.0359686
650, 0.0286997
655, 0.0235115
660, 0.0195025
665, 0.016266
670, 0.0141398
675, 0.0133359
680, 0.0131648
685, 0.0131478
690, 0.0132102
695, 0.0133964
700, 0.0137802
705, 0.0144501
710, 0.0154091
715, 0.0160457
720, 0.0150074
725, 0.0132146
730, 0.0122306
735, 0.0119196
740, 0.0119332
745, 0.0121133
750, 0.012402
755, 0.0128079
760, 0.0133813
765, 0.0142075
770, 0.0154743
775, 0.017512
780, 0.0210254
785, 0.0272219
790, 0.0372199
795, 0.0541909
800, 0.0665182
805, 0.0557857
810, 0.0413922
815, 0.0335248
820, 0.0301987
825, 0.0294866
830, 0.0306145
835, 0.033599
840, 0.0390216
845, 0.0464452
850, 0.049587
855, 0.0469596
860, 0.0476897
865, 0.0545455
870, 0.0659225
875, 0.0718064
880, 0.061413
885, 0.0460927
890, 0.0356909
895, 0.0299901
900, 0.0272995
905, 0.0265688
910, 0.026305
915, 0.0243573
920, 0.0216167
925, 0.0195617
930, 0.0181997
935, 0.0172493
940, 0.0165417
945, 0.0159954
950, 0.0155482
955, 0.0151798
960, 0.0148898
965, 0.014629
970, 0.0143683
975, 0.0141065
980, 0.013878
985, 0.0137056
990, 0.0135672
995, 0.0134894
1000, 0.0134513
1005, 0.0134958
1010, 0.0136215
1015, 0.0138926
1020, 0.0143242
1025, 0.0148367
1030, 0.0150929
1035, 0.0148908
1040, 0.0145926
1045, 0.0144442
1050, 0.014506
1055, 0.0147931
1060, 0.0153015
1065, 0.0161161
1070, 0.0173817
1075, 0.0192735
1080, 0.0219549
1085, 0.0251437
1090, 0.0276642
1095, 0.0287921
1100, 0.0296337
1105, 0.0314548
1110, 0.0342141
1115, 0.0361711
1120, 0.0351222
1125, 0.0314685
1130, 0.027453
1135, 0.0243236
1140, 0.0222049
1145, 0.0208745
1150, 0.0200928
1155, 0.0196346
1160, 0.0192815
1165, 0.0189352
1170, 0.0186548
1175, 0.018507
1180, 0.0185009
1185, 0.0186196
1190, 0.0188468
1195, 0.0191741
1200, 0.0195982
1205, 0.0201114
1210, 0.0206882
1215, 0.0212948
1220, 0.0219321
1225, 0.0226401
1230, 0.023462
1235, 0.0244299
1240, 0.0255708
1245, 0.0269089
1250, 0.0284509
1255, 0.0301586
1260, 0.0319603
1265, 0.0338435
1270, 0.0359023
1275, 0.0382532
1280, 0.0409639
1285, 0.0440217
1290, 0.0472949
1295, 0.0504807
1300, 0.0531609
1305, 0.0549755
1310, 0.0556851
1315, 0.0551115
1320, 0.0531608
1325, 0.0499039
1330, 0.045647
1335, 0.0408939
1340, 0.0361942
1345, 0.0319426
1350, 0.0282873
1355, 0.0251873
1360, 0.0225738
1365, 0.0204496
1370, 0.0188216
1375, 0.017587
1380, 0.016584
1385, 0.0157625
1390, 0.0151959
1395, 0.0148725
1400, 0.0146363
1405, 0.0144329
1410, 0.0144076
1415, 0.014583
1420, 0.0147516
1425, 0.0149128
1430, 0.0153286
1435, 0.015923
1440, 0.0163901
1445, 0.0170141
1450, 0.018136
1455, 0.0192358
1460, 0.0202944
1465, 0.0224031
1470, 0.0252001
1475, 0.0279625
1480, 0.0346082
1485, 0.0581011
1490, 0.0612489
1495, 0.0635356
1500, 0.0893522
1505, 0.0923318
1510, 0.0749587
1515, 0.0655216
1520, 0.0607366
1525, 0.0582229
1530, 0.0584558
1535, 0.0580013
1540, 0.0577349
1545, 0.0574615
1550, 0.0558919
1555, 0.054512
1560, 0.052486
1565, 0.050157
1570, 0.0481872
1575, 0.0457798
1580, 0.0438506
1585, 0.0419075
1590, 0.0400241
1595, 0.0385566
1600, 0.0368722

425 nm


lambda, Y
300, 0.251193
305, 0.242691
310, 0.236685
315, 0.232689
320, 0.230373
325, 0.229359
330, 0.229423
335, 0.230256
340, 0.231588
345, 0.233254
350, 0.235329
355, 0.238139
360, 0.242076
365, 0.246518
370, 0.249445
375, 0.249598
380, 0.247493
385, 0.245502
390, 0.241045
395, 0.233555
400, 0.231268
405, 0.234215
410, 0.231313
415, 0.221349
420, 0.210825
425, 0.20936
430, 0.220494
435, 0.220578
440, 0.224983
445, 0.22313
450, 0.208949
455, 0.187611
460, 0.169633
465, 0.159744
470, 0.15566
475, 0.154892
480, 0.155625
485, 0.156596
490, 0.156932
495, 0.155369
500, 0.148955
505, 0.131821
510, 0.108874
515, 0.100172
520, 0.101396
525, 0.100393
530, 0.0927595
535, 0.0816627
540, 0.0723174
545, 0.065969
550, 0.0617285
555, 0.0586849
560, 0.056267
565, 0.0541688
570, 0.0523001
575, 0.0508718
580, 0.0498236
585, 0.0490675
590, 0.0486195
595, 0.0485874
600, 0.0491513
605, 0.050522
610, 0.0527408
615, 0.0555714
620, 0.0589846
625, 0.0631734
630, 0.0673303
635, 0.0676761
640, 0.0624481
645, 0.055004
650, 0.047832
655, 0.0414058
660, 0.0355448
665, 0.0296832
670, 0.0231031
675, 0.0170307
680, 0.0136467
685, 0.0122686
690, 0.0118311
695, 0.0118397
700, 0.0123067
705, 0.013272
710, 0.0150896
715, 0.0178541
720, 0.0194989
725, 0.01781
730, 0.0149763
735, 0.013361
740, 0.0126136
745, 0.0124015
750, 0.0125067
755, 0.0127896
760, 0.013348
765, 0.0140994
770, 0.0153127
775, 0.0172172
780, 0.0203936
785, 0.0259566
790, 0.0345894
795, 0.0499852
800, 0.0628091
805, 0.0537796
810, 0.0398625
815, 0.0320094
820, 0.0287869
825, 0.0282026
830, 0.0294435
835, 0.0328849
840, 0.0389511
845, 0.0478452
850, 0.0529667
855, 0.0516832
860, 0.0542506
865, 0.06414
870, 0.0800669
875, 0.0889667
880, 0.0762117
885, 0.0571375
890, 0.0442568
895, 0.0372108
900, 0.0339936
905, 0.0332068
910, 0.0329758
915, 0.0304049
920, 0.0266798
925, 0.0238896
930, 0.0220084
935, 0.0206794
940, 0.0196936
945, 0.0188964
950, 0.0182361
955, 0.0176743
960, 0.0171849
965, 0.0167471
970, 0.0163394
975, 0.0159567
980, 0.0156224
985, 0.0153298
990, 0.0150797
995, 0.0148802
1000, 0.0147239
1005, 0.0146398
1010, 0.0146333
1015, 0.0147456
1020, 0.0150013
1025, 0.0153122
1030, 0.015422
1035, 0.0151679
1040, 0.0148515
1045, 0.0146818
1050, 0.0146857
1055, 0.0148874
1060, 0.0152872
1065, 0.015941
1070, 0.0169829
1075, 0.0185624
1080, 0.0207997
1085, 0.0234535
1090, 0.0255487
1095, 0.0264791
1100, 0.0271498
1105, 0.0286067
1110, 0.0308179
1115, 0.0323747
1120, 0.0314966
1125, 0.0284571
1130, 0.0250717
1135, 0.0224045
1140, 0.0205829
1145, 0.0194263
1150, 0.0187289
1155, 0.0182988
1160, 0.0179627
1165, 0.0176469
1170, 0.0173999
1175, 0.0172683
1180, 0.0172523
1185, 0.0173336
1190, 0.0174939
1195, 0.0177219
1200, 0.0180111
1205, 0.0183578
1210, 0.0187575
1215, 0.0192026
1220, 0.0196931
1225, 0.0202377
1230, 0.0208496
1235, 0.0215426
1240, 0.02233
1245, 0.023227
1250, 0.0242415
1255, 0.0253654
1260, 0.0265767
1265, 0.0278783
1270, 0.0293218
1275, 0.0309758
1280, 0.0328971
1285, 0.0351203
1290, 0.03764
1295, 0.0403869
1300, 0.0432413
1305, 0.0461076
1310, 0.048924
1315, 0.0515615
1320, 0.0537298
1325, 0.0549828
1330, 0.0548881
1335, 0.0532935
1340, 0.0504233
1345, 0.0467105
1350, 0.0425635
1355, 0.0382961
1360, 0.0342077
1365, 0.0305943
1370, 0.027598
1375, 0.0251209
1380, 0.0230056
1385, 0.0212596
1390, 0.0199656
1395, 0.019022
1400, 0.0182148
1405, 0.0175475
1410, 0.0171881
1415, 0.0170519
1420, 0.0168916
1425, 0.0168181
1430, 0.0170854
1435, 0.0174564
1440, 0.0176912
1445, 0.0182384
1450, 0.0192414
1455, 0.0200537
1460, 0.0210174
1465, 0.0231202
1470, 0.025441
1475, 0.0278128
1480, 0.0344177
1485, 0.0560281
1490, 0.0711463
1495, 0.0719581
1500, 0.118325
1505, 0.140034
1510, 0.114638
1515, 0.0971751
1520, 0.0868442
1525, 0.0820521
1530, 0.0810899
1535, 0.0793179
1540, 0.0788729
1545, 0.0780323
1550, 0.0759355
1555, 0.0741615
1560, 0.0709693
1565, 0.0676669
1570, 0.0643545
1575, 0.0604847
1580, 0.0573885
1585, 0.0539948
1590, 0.0510965
1595, 0.0485179
1600, 0.045892


