lambda	100 nm	150 nm	200 nm	250 nm	300 nm	350 nm	400 nm	425 nm
300	0.349961	0.381059	0.37049	0.340292	0.260255	0.274945	0.269319	0.251193
305	0.343219	0.371661	0.369354	0.33308	0.253315	0.276597	0.26425	0.242691
310	0.337648	0.364673	0.367419	0.327447	0.247614	0.276899	0.260947	0.236685
315	0.333395	0.359313	0.364982	0.323299	0.242951	0.276109	0.258953	0.232689
320	0.33091	0.355233	0.362329	0.32066	0.239257	0.274623	0.258162	0.230373
325	0.329675	0.351482	0.359669	0.31928	0.236206	0.272495	0.258311	0.229359
330	0.329567	0.347838	0.357138	0.318987	0.2337	0.269926	0.259272	0.229423
335	0.329868	0.343913	0.354868	0.319439	0.231487	0.266943	0.260723	0.230256
340	0.330185	0.33988	0.35304	0.320489	0.229478	0.263719	0.26243	0.231588
345	0.330128	0.33591	0.351835	0.321987	0.227594	0.260462	0.264258	0.233254
350	0.329706	0.332273	0.35136	0.323871	0.225868	0.25744	0.266333	0.235329
355	0.329129	0.329152	0.351746	0.326427	0.224437	0.2548	0.26896	0.238139
360	0.328856	0.326551	0.352583	0.329863	0.223606	0.252392	0.272251	0.242076
365	0.328908	0.32402	0.352655	0.333534	0.223598	0.249677	0.275118	0.246518
370	0.329062	0.321323	0.350836	0.336042	0.224339	0.246523	0.27583	0.249445
375	0.328996	0.31852	0.347432	0.336603	0.22524	0.243266	0.274104	0.249598
380	0.328711	0.315801	0.343439	0.335505	0.225802	0.240195	0.270906	0.247493
385	0.328713	0.312779	0.339657	0.335154	0.226448	0.237263	0.268009	0.245502
390	0.328678	0.309772	0.333227	0.332969	0.227796	0.233865	0.262466	0.241045
395	0.327597	0.307521	0.328482	0.325658	0.226063	0.231444	0.255965	0.233555
400	0.328345	0.304073	0.328662	0.32462	0.223241	0.229016	0.254962	0.231268
405	0.332145	0.299389	0.325539	0.331656	0.225956	0.224912	0.255571	0.234215
410	0.336938	0.295054	0.316075	0.33498	0.233405	0.221254	0.248803	0.231313
415	0.341695	0.29245	0.304143	0.329923	0.240521	0.221638	0.238253	0.221349
420	0.348191	0.292471	0.295473	0.319168	0.243577	0.227041	0.230879	0.210825
425	0.38243	0.303113	0.302836	0.321749	0.251079	0.24143	0.239846	0.20936
430	0.375808	0.311714	0.316386	0.327159	0.241463	0.242852	0.254263	0.220494
435	0.368197	0.300566	0.315019	0.3304	0.231996	0.231751	0.251902	0.220578
440	0.361038	0.292616	0.304547	0.336043	0.227666	0.22029	0.250306	0.224983
445	0.35278	0.287493	0.287142	0.33896	0.230644	0.211786	0.236644	0.22313
450	0.343378	0.28209	0.266802	0.335653	0.233416	0.212516	0.214699	0.208949
455	0.333284	0.275604	0.248063	0.326609	0.233532	0.216511	0.198678	0.187611
460	0.322436	0.268016	0.233243	0.311145	0.231548	0.219285	0.191443	0.169633
465	0.311232	0.260024	0.22207	0.28883	0.228259	0.219869	0.18904	0.159744
470	0.299993	0.252054	0.21336	0.260892	0.22322	0.218496	0.188744	0.15566
475	0.288708	0.244199	0.206712	0.231692	0.21444	0.215514	0.189557	0.154892
480	0.276258	0.236102	0.202693	0.207017	0.198662	0.210625	0.190702	0.155625
485	0.261719	0.227445	0.200493	0.19102	0.173779	0.202719	0.190931	0.156596
490	0.245457	0.217936	0.19868	0.183861	0.145671	0.189057	0.189367	0.156932
495	0.228934	0.206506	0.196063	0.182598	0.12607	0.165866	0.184174	0.155369
500	0.213697	0.191378	0.19152	0.183953	0.118465	0.137044	0.169652	0.148955
505	0.200485	0.173312	0.183196	0.184832	0.117927	0.120357	0.142116	0.131821
510	0.189054	0.157311	0.168803	0.178956	0.11726	0.119081	0.120492	0.108874
515	0.17871	0.14572	0.15315	0.16234	0.106922	0.118438	0.117669	0.100172
520	0.168968	0.136845	0.140738	0.156227	0.0932869	0.104744	0.118099	0.101396
525	0.159679	0.128998	0.130006	0.158176	0.0920495	0.0907658	0.109055	0.100393
530	0.150673	0.121466	0.120121	0.158704	0.0932482	0.0871943	0.0952219	0.0927595
535	0.141937	0.114037	0.111071	0.155883	0.0932122	0.086989	0.0849802	0.0816627
540	0.133583	0.106785	0.102886	0.149261	0.0921172	0.0865403	0.078822	0.0723174
545	0.125682	0.0998281	0.095502	0.139152	0.0904836	0.0853499	0.0748445	0.065969
550	0.118312	0.0932612	0.0887581	0.126817	0.0886942	0.0836508	0.071775	0.0617285
555	0.111541	0.0871313	0.0824755	0.11395	0.0868913	0.0817157	0.0690006	0.0586849
560	0.105397	0.0814287	0.0765245	0.101878	0.0849053	0.0797573	0.0662958	0.056267
565	0.0998001	0.0760719	0.0708055	0.0911556	0.0821856	0.0779466	0.0636186	0.0541688
570	0.0947296	0.0710124	0.0650653	0.0813315	0.0778039	0.0764105	0.0609712	0.0523001
575	0.0905759	0.0665617	0.0593211	0.0719659	0.0716875	0.0753516	0.058523	0.0508718
580	0.087072	0.0628433	0.054356	0.0640444	0.0649454	0.0750426	0.0563932	0.0498236
585	0.0843592	0.0598269	0.0501547	0.057346	0.0582993	0.0757562	0.0546514	0.0490675
590	0.0824284	0.0574654	0.0466179	0.0515686	0.0522595	0.0777678	0.0534761	0.0486195
595	0.0815046	0.0557061	0.043644	0.0464912	0.0469973	0.0812397	0.0532255	0.0485874
600	0.0818733	0.0544748	0.0411869	0.0421429	0.0423196	0.0855921	0.0544252	0.0491513
605	0.0834791	0.0535297	0.0392242	0.0386109	0.0377964	0.0881171	0.0575536	0.050522
610	0.0856108	0.0525298	0.0378077	0.035797	0.0331155	0.0836811	0.0623625	0.0527408
615	0.0873122	0.0513696	0.0370872	0.0335561	0.0285994	0.0709335	0.0675158	0.0555714
620	0.0884997	0.0502794	0.0370514	0.0318394	0.0248535	0.0557861	0.0716366	0.0589846
625	0.0898597	0.0495575	0.0370128	0.0306522	0.0220377	0.042826	0.0734867	0.0631734
630	0.092506	0.049505	0.036237	0.0298876	0.020023	0.0328563	0.070494	0.0673303
635	0.094817	0.0498235	0.035129	0.0294138	0.0186559	0.0253747	0.0598553	0.0676761
640	0.093353	0.0500415	0.03444	0.0293108	0.0178675	0.0204752	0.0464712	0.0624481
645	0.0898	0.0506179	0.0345053	0.0297314	0.0176116	0.0176294	0.0359686	0.055004
650	0.0875826	0.0522273	0.0353645	0.0307896	0.0179451	0.0161466	0.0286997	0.047832
655	0.0886391	0.0554169	0.0368375	0.0323675	0.0190898	0.015685	0.0235115	0.0414058
660	0.0932426	0.0601158	0.0392576	0.0351483	0.0214271	0.0161595	0.0195025	0.0355448
665	0.101847	0.0660574	0.0434298	0.0403175	0.0253342	0.0175166	0.016266	0.0296832
670	0.114283	0.0722911	0.0500033	0.0494318	0.0306559	0.0191523	0.0141398	0.0231031
675	0.130245	0.0775961	0.0586923	0.063633	0.0358886	0.0205725	0.0133359	0.0170307
680	0.148249	0.0810015	0.0667876	0.0803912	0.0386447	0.0215893	0.0131648	0.0136467
685	0.165187	0.082144	0.0693581	0.0890716	0.0379995	0.0222327	0.0131478	0.0122686
690	0.177157	0.0813177	0.0648987	0.0823837	0.035031	0.0230039	0.0132102	0.0118311
695	0.181174	0.0791217	0.0570123	0.0670256	0.0309586	0.0234442	0.0133964	0.0118397
700	0.17679	0.0761259	0.0493051	0.050947	0.0260572	0.0237695	0.0137802	0.0123067
705	0.16607	0.0727459	0.043241	0.0388242	0.0201241	0.0233783	0.0144501	0.013272
710	0.152063	0.0692594	0.0390881	0.0319028	0.0143479	0.0200479	0.0154091	0.0150896
715	0.137328	0.065846	0.0368921	0.028803	0.0111419	0.0148631	0.0160457	0.0178541
720	0.123395	0.0626066	0.0370144	0.0284394	0.0103713	0.0110589	0.0150074	0.0194989
725	0.110903	0.0595744	0.0403536	0.0310147	0.0105164	0.0102143	0.0132146	0.01781
730	0.100007	0.0567565	0.0460947	0.0365978	0.0108132	0.010736	0.0122306	0.0149763
735	0.0907373	0.0542094	0.0452571	0.0379633	0.0110799	0.0113785	0.0119196	0.013361
740	0.0829948	0.0519841	0.0371016	0.031799	0.0113184	0.0120054	0.0119332	0.0126136
745	0.0763583	0.0499536	0.030761	0.026736	0.0115636	0.0126865	0.0121133	0.0124015
750	0.0706327	0.0480882	0.0272718	0.0241432	0.0118536	0.0131595	0.012402	0.0125067
755	0.0659896	0.046583	0.0254693	0.0229313	0.0122451	0.0138431	0.0128079	0.0127896
760	0.0619137	0.0451812	0.0245427	0.0224703	0.0127951	0.0147425	0.0133813	0.013348
765	0.0585436	0.0440289	0.0243524	0.0226704	0.0135973	0.015672	0.0142075	0.0140994
770	0.0557882	0.0431016	0.0246869	0.0233224	0.014817	0.0173674	0.0154743	0.0153127
775	0.0535484	0.0424108	0.0258044	0.024787	0.0167486	0.0199209	0.017512	0.0172172
780	0.0519203	0.0419918	0.0279083	0.0272982	0.020003	0.023982	0.0210254	0.0203936
785	0.0506516	0.0409698	0.0311232	0.0316722	0.0255456	0.031819	0.0272219	0.0259566
790	0.049451	0.0372621	0.032883	0.0336372	0.031424	0.0432409	0.0372199	0.0345894
795	0.0499647	0.0352007	0.0380863	0.0364573	0.0384436	0.0582555	0.0541909	0.0499852
800	0.0517925	0.0346262	0.0480147	0.0414027	0.0422538	0.0645891	0.0665182	0.0628091
805	0.0553988	0.0354843	0.0534845	0.043298	0.0366805	0.0531134	0.0557857	0.0537796
810	0.0616957	0.0381907	0.0429916	0.0364564	0.0280527	0.0404733	0.0413922	0.0398625
815	0.0723229	0.0437212	0.0313053	0.0287814	0.0222337	0.0333129	0.0335248	0.0320094
820	0.090499	0.0541923	0.0247083	0.0240797	0.0190302	0.029498	0.0301987	0.0287869
825	0.116042	0.0704053	0.021252	0.0213548	0.0173876	0.0275917	0.0294866	0.0282026
830	0.125313	0.0785525	0.0193758	0.0196782	0.0167229	0.0272455	0.0306145	0.0294435
835	0.103977	0.0659436	0.0183211	0.0185819	0.0168476	0.0279466	0.033599	0.0328849
840	0.0841199	0.0524621	0.0177175	0.017822	0.0178162	0.0300646	0.0390216	0.0389511
845	0.0758894	0.046328	0.0173806	0.0172652	0.0194169	0.033408	0.0464452	0.0478452
850	0.0762744	0.045986	0.0172172	0.0168407	0.0197735	0.0340148	0.049587	0.0529667
855	0.0803772	0.0484088	0.0171779	0.0165111	0.0183286	0.0313203	0.0469596	0.0516832
860	0.0776811	0.0467985	0.0172341	0.0162558	0.017777	0.0307906	0.0476897	0.0542506
865	0.0698984	0.041875	0.0173676	0.0160615	0.0188794	0.0337189	0.0545455	0.06414
870	0.0649741	0.0386813	0.017566	0.0159184	0.0212097	0.0391969	0.0659225	0.0800669
875	0.0629545	0.0373821	0.0178196	0.0158184	0.022656	0.0421818	0.0718064	0.0889667
880	0.0625314	0.0372003	0.0181204	0.0157547	0.0204563	0.0367297	0.061413	0.0762117
885	0.0629833	0.0377	0.0184607	0.0157228	0.0167407	0.0283722	0.0460927	0.0571375
890	0.0640054	0.0387162	0.0188352	0.0157233	0.0140858	0.0225706	0.0356909	0.0442568
895	0.0655399	0.0402646	0.0192463	0.0157619	0.0125775	0.0192859	0.0299901	0.0372108
900	0.067599	0.0423926	0.0197077	0.0158436	0.0117762	0.0176041	0.0272995	0.0339936
905	0.0695376	0.0444495	0.0202358	0.0159604	0.0113832	0.0170053	0.0265688	0.0332068
910	0.0701521	0.0452496	0.0208236	0.0160869	0.0111584	0.0167048	0.026305	0.0329758
915	0.0702086	0.0455899	0.0214314	0.0162058	0.0108844	0.0156879	0.0243573	0.0304049
920	0.0705542	0.0463182	0.0220414	0.016345	0.0106253	0.0143932	0.0216167	0.0266798
925	0.0712923	0.0475166	0.0227173	0.0165461	0.0104824	0.013443	0.0195617	0.0238896
930	0.0724758	0.0491916	0.0235074	0.0167773	0.0104382	0.0128082	0.0181997	0.0220084
935	0.0738592	0.0511658	0.0243181	0.0169784	0.010459	0.0124047	0.0172493	0.0206794
940	0.0752739	0.0533535	0.025118	0.0172098	0.0105281	0.0121442	0.0165417	0.0196936
945	0.0771916	0.0561474	0.0260636	0.0175214	0.0106483	0.0119622	0.0159954	0.0188964
950	0.0797661	0.0597506	0.0270807	0.0178042	0.0108279	0.0118724	0.0155482	0.0182361
955	0.0829135	0.0642538	0.0280603	0.0181057	0.0110874	0.0118761	0.0151798	0.0176743
960	0.0869448	0.0698132	0.0292379	0.0185044	0.0114544	0.0119496	0.0148898	0.0171849
965	0.0894373	0.0736752	0.0304325	0.0188526	0.0118346	0.01205	0.014629	0.0167471
970	0.0879328	0.0731863	0.0316739	0.0192874	0.0119797	0.0120567	0.0143683	0.0163394
975	0.0850988	0.0712973	0.033124	0.0197573	0.01192	0.0119555	0.0141065	0.0159567
980	0.0827728	0.0701537	0.0344978	0.0202234	0.0118775	0.011887	0.013878	0.0156224
985	0.0818241	0.0704506	0.0361633	0.020814	0.0119313	0.0119092	0.0137056	0.0153298
990	0.0812497	0.0712868	0.0377423	0.0213538	0.0120597	0.0119674	0.0135672	0.0150797
995	0.0813928	0.0728939	0.0396272	0.022061	0.0122603	0.012085	0.0134894	0.0148802
1000	0.0815909	0.0746925	0.0414397	0.02271	0.0125232	0.0122714	0.0134513	0.0147239
1005	0.0824133	0.0771904	0.0435883	0.0235507	0.0128742	0.0125295	0.0134958	0.0146398
1010	0.0833682	0.0800122	0.0456512	0.0243433	0.0133359	0.0128776	0.0136215	0.0146333
1015	0.0852767	0.0839309	0.0481061	0.0253415	0.013976	0.0134092	0.0138926	0.0147456
1020	0.0875335	0.0884152	0.0504735	0.026339	0.0148365	0.0141325	0.0143242	0.0150013
1025	0.0901362	0.0929338	0.0532205	0.0275096	0.0158344	0.01495	0.0148367	0.0153122
1030	0.0905132	0.0942887	0.0560353	0.0288185	0.0165	0.0154603	0.0150929	0.015422
1035	0.0878307	0.0916704	0.059012	0.0302004	0.0165159	0.0153907	0.0148908	0.0151679
1040	0.0843144	0.0882402	0.062396	0.0319125	0.0163111	0.0151481	0.0145926	0.0148515
1045	0.0812349	0.0855773	0.0657461	0.0337108	0.0162826	0.0150888	0.0144442	0.0146818
1050	0.0793436	0.0842362	0.0695333	0.0358414	0.0165289	0.0152818	0.014506	0.0146857
1055	0.0781216	0.0837077	0.0736658	0.0384084	0.0170379	0.0157137	0.0147931	0.0148874
1060	0.0771656	0.0834954	0.0778792	0.0412696	0.0178159	0.0164197	0.0153015	0.0152872
1065	0.0768362	0.0838762	0.0826641	0.044804	0.0189369	0.0174874	0.0161161	0.015941
1070	0.0768894	0.0847121	0.0879706	0.0492297	0.0205215	0.0190473	0.0173817	0.0169829
1075	0.0771777	0.0858547	0.0935215	0.0545903	0.0227469	0.0213257	0.0192735	0.0185624
1080	0.0781525	0.0876746	0.0996507	0.0614515	0.025754	0.024495	0.0219549	0.0207997
1085	0.0797668	0.0900637	0.106478	0.0705489	0.0292063	0.0281614	0.0251437	0.0234535
1090	0.0810443	0.0917243	0.113451	0.0823432	0.0318948	0.0310001	0.0276642	0.0255487
1095	0.0806571	0.0909237	0.119843	0.0970367	0.0330864	0.0322994	0.0287921	0.0264791
1100	0.0784039	0.0877745	0.124692	0.113509	0.0339036	0.0333402	0.0296337	0.0271498
1105	0.0755439	0.0841513	0.126471	0.127034	0.0356033	0.0354713	0.0314548	0.0286067
1110	0.0730105	0.0811523	0.1239	0.130416	0.0381357	0.038509	0.0342141	0.0308179
1115	0.07104	0.0789062	0.117382	0.121975	0.0399834	0.0404166	0.0361711	0.0323747
1120	0.0696802	0.0773485	0.108968	0.10816	0.0393194	0.0390206	0.0351222	0.0314966
1125	0.0689043	0.076416	0.100776	0.0954697	0.0364682	0.0350776	0.0314685	0.0284571
1130	0.0686053	0.0760183	0.0938743	0.0862037	0.0333246	0.0309458	0.027453	0.0250717
1135	0.0686902	0.0760757	0.0883732	0.0801035	0.0310157	0.0278284	0.0243236	0.0224045
1140	0.0691446	0.0765457	0.0839851	0.076251	0.0296979	0.0258262	0.0222049	0.0205829
1145	0.0699201	0.077276	0.0803962	0.0738319	0.029196	0.024694	0.0208745	0.0194263
1150	0.0706262	0.0776849	0.0773841	0.0722801	0.0292939	0.0241769	0.0200928	0.0187289
1155	0.0704331	0.0768223	0.0747999	0.071221	0.0297406	0.0240161	0.0196346	0.0182988
1160	0.068916	0.0744745	0.0725316	0.0703975	0.0302331	0.0239097	0.0192815	0.0179627
1165	0.066732	0.0715991	0.0704855	0.0696202	0.0306139	0.0237276	0.0189352	0.0176469
1170	0.0647157	0.0690942	0.0685878	0.06875	0.030999	0.0236007	0.0186548	0.0173999
1175	0.0631933	0.0672246	0.0667844	0.0676926	0.0315401	0.0236542	0.018507	0.0172683
1180	0.0621738	0.0659443	0.065044	0.0663974	0.0322758	0.0239172	0.0185009	0.0172523
1185	0.0616052	0.065168	0.0633528	0.0648528	0.0331781	0.024392	0.0186196	0.0173336
1190	0.0614589	0.0648448	0.0617075	0.0630765	0.0342026	0.0250645	0.0188468	0.0174939
1195	0.0617149	0.064923	0.0601117	0.0611074	0.0352991	0.0259278	0.0191741	0.0177219
1200	0.0622654	0.0652346	0.0585707	0.0589953	0.036396	0.0269934	0.0195982	0.0180111
1205	0.0627555	0.0653437	0.0570888	0.0567932	0.0373617	0.0282307	0.0201114	0.0183578
1210	0.0626136	0.0646793	0.0556699	0.0545523	0.0379821	0.0295373	0.0206882	0.0187575
1215	0.0615911	0.0631489	0.054317	0.0523165	0.0380698	0.0308116	0.0212948	0.0192026
1220	0.0601037	0.0612986	0.0530302	0.0501231	0.0376443	0.0320671	0.0219321	0.0196931
1225	0.0587104	0.0596734	0.0518095	0.0480003	0.0368545	0.0334217	0.0226401	0.0202377
1230	0.0576858	0.0584859	0.0506545	0.0459681	0.0357908	0.0349862	0.023462	0.0208496
1235	0.0570819	0.0577444	0.0495623	0.0440394	0.0344719	0.0367978	0.0244299	0.0215426
1240	0.0568678	0.0573881	0.0485299	0.0422208	0.0329054	0.0388413	0.0255708	0.02233
1245	0.0569579	0.0572998	0.0475523	0.0405137	0.0311137	0.0410685	0.0269089	0.023227
1250	0.0571539	0.0572466	0.046623	0.0389175	0.0291285	0.0433347	0.0284509	0.0242415
1255	0.0571153	0.0568894	0.0457341	0.0374299	0.0269857	0.0453564	0.0301586	0.0253654
1260	0.0565693	0.0560374	0.0448783	0.0360489	0.0247538	0.0468194	0.0319603	0.0265767
1265	0.0556118	0.0548774	0.04405	0.0347751	0.022553	0.0475687	0.0338435	0.0278783
1270	0.054584	0.0537523	0.0432488	0.0336113	0.020504	0.0476113	0.0359023	0.0293218
1275	0.0537394	0.0528641	0.0424829	0.0325608	0.018665	0.046944	0.0382532	0.0309758
1280	0.0531645	0.0522527	0.0417686	0.0316244	0.0170407	0.0455023	0.0409639	0.0328971
1285	0.0528404	0.0518645	0.0411273	0.0307938	0.015614	0.0432558	0.0440217	0.0351203
1290	0.0526619	0.051574	0.0405742	0.0300493	0.0143613	0.0402884	0.0472949	0.03764
1295	0.0524549	0.0512164	0.0401056	0.0293602	0.0132616	0.0367889	0.0504807	0.0403869
1300	0.0520868	0.0507092	0.0396874	0.0286953	0.012302	0.0330301	0.0531609	0.0432413
1305	0.0515824	0.0501198	0.0392624	0.0280376	0.0114783	0.0293174	0.0549755	0.0461076
1310	0.0510441	0.0495487	0.0387778	0.0273998	0.0107859	0.0258912	0.0556851	0.048924
1315	0.050526	0.0490245	0.0382268	0.0268211	0.0102146	0.022882	0.0551115	0.0515615
1320	0.0500295	0.0485257	0.0376728	0.0263406	0.00974732	0.0203251	0.0531608	0.0537298
1325	0.0495567	0.0480417	0.0372202	0.0259612	0.00936418	0.0181879	0.0499039	0.0549828
1330	0.0491391	0.0476066	0.0369307	0.0256305	0.00904735	0.0164097	0.045647	0.0548881
1335	0.048811	0.0472655	0.0367439	0.0252732	0.00878822	0.0149418	0.0408939	0.0532935
1340	0.0485276	0.0469853	0.0364979	0.0248593	0.00858717	0.0137572	0.0361942	0.0504233
1345	0.0481753	0.0466602	0.0360774	0.0244462	0.00844532	0.0128363	0.0319426	0.0467105
1350	0.0477134	0.0462477	0.0355649	0.0241286	0.0083536	0.0121405	0.0282873	0.0425635
1355	0.0472742	0.0458588	0.0351949	0.0239256	0.00829353	0.0116097	0.0251873	0.0382961
1360	0.0470355	0.0456551	0.0350837	0.0237369	0.00825485	0.0111949	0.0225738	0.0342077
1365	0.0469819	0.0456338	0.0350327	0.023453	0.00824617	0.0108893	0.0204496	0.0305943
1370	0.0468848	0.0455879	0.0347327	0.0231091	0.00827982	0.0107064	0.0188216	0.027598
1375	0.0466027	0.0453696	0.0342125	0.0228568	0.00834729	0.0106289	0.017587	0.0251209
1380	0.046318	0.0451343	0.0338745	0.0227401	0.00842531	0.0106057	0.016584	0.0230056
1385	0.0462897	0.0451422	0.033909	0.0226018	0.00851316	0.010617	0.0157625	0.0212596
1390	0.0464127	0.0453255	0.0339069	0.0223201	0.00863837	0.0107014	0.0151959	0.0199656
1395	0.0463366	0.0453332	0.0334639	0.0220318	0.00880685	0.0108753	0.0148725	0.019022
1400	0.0460726	0.0451273	0.0329449	0.021912	0.00898352	0.0110814	0.0146363	0.0182148
1405	0.046028	0.0451189	0.032939	0.0218378	0.00915919	0.011288	0.0144329	0.0175475
1410	0.046254	0.0454346	0.0331085	0.0215911	0.00938225	0.0115659	0.0144076	0.0171881
1415	0.0462843	0.0455912	0.0326901	0.0213003	0.00966671	0.0119498	0.014583	0.0170519
1420	0.0460537	0.0454164	0.032054	0.0212055	0.0099509	0.0123442	0.0147516	0.0168916
1425	0.0461004	0.0455016	0.0321269	0.0211362	0.0102374	0.0127289	0.0149128	0.0168181
1430	0.0464366	0.0460082	0.0323711	0.0208544	0.0106228	0.0132556	0.0153286	0.0170854
1435	0.0464512	0.0462068	0.0317249	0.0206109	0.0110894	0.0139203	0.015923	0.0174564
1440	0.0462945	0.0460746	0.0310761	0.0205884	0.011529	0.014539	0.0163901	0.0176912
1445	0.0466224	0.0465395	0.0315095	0.0204415	0.0120529	0.0152478	0.0170141	0.0182384
1450	0.0470257	0.0473502	0.0315655	0.0201612	0.0128086	0.0163076	0.018136	0.0192414
1455	0.0469541	0.0474837	0.0304268	0.0201447	0.0136064	0.0174475	0.0192358	0.0200537
1460	0.0471826	0.0478171	0.0303496	0.0201665	0.0144494	0.0185846	0.0202944	0.0210174
1465	0.0479623	0.049417	0.0315078	0.0201016	0.0158175	0.0204537	0.0224031	0.0231202
1470	0.0482925	0.0507767	0.0309441	0.0205518	0.0176157	0.0230194	0.0252001	0.025441
1475	0.0486794	0.0517954	0.0300215	0.0212769	0.0196312	0.0257929	0.0279625	0.0278128
1480	0.0504481	0.0568326	0.0348064	0.0233345	0.0237993	0.0314716	0.0346082	0.0344177
1485	0.0555397	0.0849547	0.0877932	0.0380575	0.0356524	0.0488236	0.0581011	0.0560281
1490	0.0591596	0.0960545	0.133547	0.0416225	0.036326	0.0466874	0.0612489	0.0711463
1495	0.0582732	0.0930798	0.126091	0.0411433	0.0380153	0.0493638	0.0635356	0.0719581
1500	0.0629851	0.110396	0.214983	0.0781106	0.0515164	0.0635975	0.0893522	0.118325
1505	0.0650502	0.109781	0.186684	0.10422	0.0603195	0.0672051	0.0923318	0.140034
1510	0.0648481	0.100782	0.141468	0.0923749	0.059148	0.0595999	0.0749587	0.114638
1515	0.0645593	0.0967559	0.126622	0.0844359	0.0579649	0.055022	0.0655216	0.0971751
1520	0.0647785	0.0954581	0.116324	0.0789306	0.0581812	0.0532983	0.0607366	0.0868442
1525	0.065838	0.094997	0.10906	0.0779547	0.0596452	0.0527911	0.0582229	0.0820521
1530	0.066931	0.0967082	0.108345	0.0803671	0.0626551	0.0541055	0.0584558	0.0810899
1535	0.0681653	0.0982807	0.103971	0.0814764	0.0649096	0.0549128	0.0580013	0.0793179
1540	0.0694015	0.0995376	0.101571	0.0845022	0.0665863	0.0552687	0.0577349	0.0788729
1545	0.0696569	0.100371	0.100567	0.0867128	0.0674976	0.0553616	0.0574615	0.0780323
1550	0.0697401	0.0995834	0.0965657	0.087714	0.0671952	0.0542806	0.0558919	0.0759355
1555	0.0690975	0.0979482	0.0955973	0.0896557	0.0668423	0.0531016	0.054512	0.0741615
1560	0.0677716	0.0953657	0.093107	0.089483	0.066189	0.0516109	0.052486	0.0709693
1565	0.0667398	0.0923586	0.0904861	0.0899198	0.0655835	0.0498485	0.050157	0.0676669
1570	0.0649786	0.0892628	0.089626	0.0897696	0.0654128	0.0484446	0.0481872	0.0643545
1575	0.0636313	0.0862404	0.0866689	0.0887781	0.0651738	0.0468209	0.0457798	0.0604847
1580	0.0622812	0.0834797	0.085758	0.0887211	0.06539	0.0454806	0.0438506	0.0573885
1585	0.060686	0.0808831	0.0839175	0.0872682	0.0656781	0.0442602	0.0419075	0.0539948
1590	0.0598011	0.0786959	0.082182	0.0868194	0.066067	0.0429941	0.0400241	0.0510965
1595	0.0583267	0.0765746	0.0814718	0.0857121	0.0667444	0.0420848	0.0385566	0.0485179
1600	0.0575247	0.0748452	0.0794078	0.0846716	0.0672504	0.0410089	0.0368722	0.045892
