100 nm


lambda, Y
300, 0.182029
305, 0.176749
310, 0.172027
315, 0.168904
320, 0.166128
325, 0.165022
330, 0.163938
335, 0.163205
340, 0.162706
345, 0.162637
350, 0.162163
355, 0.162025
360, 0.161335
365, 0.159463
370, 0.156137
375, 0.152646
380, 0.150284
385, 0.149195
390, 0.149404
395, 0.150711
400, 0.153536
405, 0.157732
410, 0.162745
415, 0.168865
420, 0.176764
425, 0.201532
430, 0.208378
435, 0.211235
440, 0.213769
445, 0.215678
450, 0.217
455, 0.217779
460, 0.217975
465, 0.217996
470, 0.217712
475, 0.216927
480, 0.215354
485, 0.212033
490, 0.207773
495, 0.203409
500, 0.19978
505, 0.197391
510, 0.196204
515, 0.195888
520, 0.195596
525, 0.195594
530, 0.195107
535, 0.194523
540, 0.193991
545, 0.193561
550, 0.193321
555, 0.193336
560, 0.193749
565, 0.194548
570, 0.19546
575, 0.196797
580, 0.197116
585, 0.197844
590, 0.198359
595, 0.199159
600, 0.200801
605, 0.203348
610, 0.206565
615, 0.209753
620, 0.212473
625, 0.214957
630, 0.218089
635, 0.221665
640, 0.223023
645, 0.221493
650, 0.217143
655, 0.214477
660, 0.213598
665, 0.2184
670, 0.229384
675, 0.249051
680, 0.278872
685, 0.316162
690, 0.354943
695, 0.38767
700, 0.408558
705, 0.416147
710, 0.412751
715, 0.40207
720, 0.38727
725, 0.370367
730, 0.352802
735, 0.336161
740, 0.321036
745, 0.305876
750, 0.29114
755, 0.278644
760, 0.265297
765, 0.253349
770, 0.241299
775, 0.229302
780, 0.216029
785, 0.200904
790, 0.195884
795, 0.200265
800, 0.207123
805, 0.215581
810, 0.227074
815, 0.240967
820, 0.257807
825, 0.275735
830, 0.280988
835, 0.27321
840, 0.271118
845, 0.276294
850, 0.285611
855, 0.295934
860, 0.302098
865, 0.306107
870, 0.31187
875, 0.319021
880, 0.326738
885, 0.334525
890, 0.342047
895, 0.349054
900, 0.355362
905, 0.361145
910, 0.367773
915, 0.375216
920, 0.381936
925, 0.388409
930, 0.395679
935, 0.402245
940, 0.407077
945, 0.412632
950, 0.41781
955, 0.419895
960, 0.421409
965, 0.419904
970, 0.4188
975, 0.422355
980, 0.424564
985, 0.428783
990, 0.429938
995, 0.432535
1000, 0.432253
1005, 0.433447
1010, 0.431419
1015, 0.430795
1020, 0.426018
1025, 0.421516
1030, 0.415229
1035, 0.411124
1040, 0.41077
1045, 0.4086
1050, 0.407716
1055, 0.406228
1060, 0.402385
1065, 0.399772
1070, 0.396769
1075, 0.391383
1080, 0.386116
1085, 0.381127
1090, 0.37434
1095, 0.367391
1100, 0.363426
1105, 0.36166
1110, 0.359362
1115, 0.355726
1120, 0.351788
1125, 0.348352
1130, 0.345079
1135, 0.341132
1140, 0.336082
1145, 0.330163
1150, 0.324158
1155, 0.319193
1160, 0.315954
1165, 0.313917
1170, 0.312101
1175, 0.309946
1180, 0.307302
1185, 0.304194
1190, 0.300675
1195, 0.296804
1200, 0.292703
1205, 0.288706
1210, 0.285372
1215, 0.283001
1220, 0.28127
1225, 0.279665
1230, 0.277904
1235, 0.27591
1240, 0.273687
1245, 0.271283
1250, 0.268841
1255, 0.266637
1260, 0.264892
1265, 0.263476
1270, 0.26203
1275, 0.260317
1280, 0.258347
1285, 0.256327
1290, 0.254583
1295, 0.253427
1300, 0.252917
1305, 0.252679
1310, 0.25211
1315, 0.250814
1320, 0.248946
1325, 0.24721
1330, 0.246367
1335, 0.246505
1340, 0.246782
1345, 0.246117
1350, 0.244372
1355, 0.242731
1360, 0.242466
1365, 0.243195
1370, 0.243078
1375, 0.241308
1380, 0.239596
1385, 0.239821
1390, 0.240836
1395, 0.240021
1400, 0.237903
1405, 0.237633
1410, 0.239117
1415, 0.238763
1420, 0.23663
1425, 0.236763
1430, 0.238639
1435, 0.237844
1440, 0.236108
1445, 0.237805
1450, 0.239432
1455, 0.237751
1460, 0.238319
1465, 0.241856
1470, 0.242107
1475, 0.242901
1480, 0.250493
1485, 0.266915
1490, 0.262027
1495, 0.261689
1500, 0.265483
1505, 0.259278
1510, 0.252051
1515, 0.24367
1520, 0.239264
1525, 0.239832
1530, 0.237961
1535, 0.240659
1540, 0.245462
1545, 0.246486
1550, 0.252047
1555, 0.253709
1560, 0.253212
1565, 0.255778
1570, 0.25175
1575, 0.251675
1580, 0.249523
1585, 0.245288
1590, 0.245723
1595, 0.240127
1600, 0.240136

150nm


lambda, Y
300, 0.186873
305, 0.185465
310, 0.184395
315, 0.184411
320, 0.184077
325, 0.184435
330, 0.183987
335, 0.183399
340, 0.182502
345, 0.181806
350, 0.181079
355, 0.180752
360, 0.179841
365, 0.177627
370, 0.173329
375, 0.168577
380, 0.165261
385, 0.163103
390, 0.161834
395, 0.161153
400, 0.161569
405, 0.162162
410, 0.162497
415, 0.163024
420, 0.163628
425, 0.17098
430, 0.179121
435, 0.179434
440, 0.182124
445, 0.185891
450, 0.188911
455, 0.191086
460, 0.192555
465, 0.193809
470, 0.194535
475, 0.194713
480, 0.194804
485, 0.194125
490, 0.192619
495, 0.189206
500, 0.183161
505, 0.17647
510, 0.172781
515, 0.172411
520, 0.172836
525, 0.173137
530, 0.172468
535, 0.171356
540, 0.169978
545, 0.168491
550, 0.166982
555, 0.165397
560, 0.163718
565, 0.161983
570, 0.160049
575, 0.158693
580, 0.157613
585, 0.156971
590, 0.156442
595, 0.156237
600, 0.156249
605, 0.156191
610, 0.155866
615, 0.155363
620, 0.154995
625, 0.155077
630, 0.155757
635, 0.156357
640, 0.156345
645, 0.156333
650, 0.155051
655, 0.15303
660, 0.148567
665, 0.142779
670, 0.13577
675, 0.129225
680, 0.125364
685, 0.12487
690, 0.127342
695, 0.131951
700, 0.137785
705, 0.144064
710, 0.150234
715, 0.155945
720, 0.160947
725, 0.165028
730, 0.168182
735, 0.17082
740, 0.173066
745, 0.174039
750, 0.174106
755, 0.174236
760, 0.172629
765, 0.170872
770, 0.16773
775, 0.163807
780, 0.157572
785, 0.146276
790, 0.13187
795, 0.124718
800, 0.12099
805, 0.11864
810, 0.118101
815, 0.118854
820, 0.121214
825, 0.127037
830, 0.13488
835, 0.137574
840, 0.137114
845, 0.137328
850, 0.13905
855, 0.1426
860, 0.146845
865, 0.15012
870, 0.153239
875, 0.156797
880, 0.160832
885, 0.165268
890, 0.170033
895, 0.175107
900, 0.180451
905, 0.185763
910, 0.191152
915, 0.197109
920, 0.203358
925, 0.210306
930, 0.218428
935, 0.226647
940, 0.23453
945, 0.243773
950, 0.253501
955, 0.262258
960, 0.271443
965, 0.277522
970, 0.28218
975, 0.289636
980, 0.297302
985, 0.307496
990, 0.316165
995, 0.326602
1000, 0.335185
1005, 0.345376
1010, 0.353315
1015, 0.362482
1020, 0.368292
1025, 0.37264
1030, 0.37361
1035, 0.374468
1040, 0.37915
1045, 0.383382
1050, 0.388678
1055, 0.393979
1060, 0.397068
1065, 0.400478
1070, 0.403589
1075, 0.404317
1080, 0.403998
1085, 0.402909
1090, 0.39913
1095, 0.393769
1100, 0.39053
1105, 0.389968
1110, 0.38983
1115, 0.38876
1120, 0.387079
1125, 0.38541
1130, 0.383666
1135, 0.381229
1140, 0.377555
1145, 0.372495
1150, 0.366475
1155, 0.360708
1160, 0.356493
1165, 0.353854
1170, 0.351902
1175, 0.349922
1180, 0.347602
1185, 0.344841
1190, 0.341592
1195, 0.337805
1200, 0.33347
1205, 0.328833
1210, 0.324561
1215, 0.321269
1220, 0.318884
1225, 0.316913
1230, 0.31497
1235, 0.312858
1240, 0.310481
1245, 0.307791
1250, 0.304852
1255, 0.301956
1260, 0.299481
1265, 0.297511
1270, 0.29579
1275, 0.294048
1280, 0.292175
1285, 0.290227
1290, 0.288384
1295, 0.286891
1300, 0.285875
1305, 0.285139
1310, 0.284262
1315, 0.282947
1320, 0.28129
1325, 0.279779
1330, 0.278936
1335, 0.278804
1340, 0.278781
1345, 0.278125
1350, 0.276779
1355, 0.275587
1360, 0.275418
1365, 0.275975
1370, 0.275927
1375, 0.274697
1380, 0.273534
1385, 0.273834
1390, 0.274786
1395, 0.274394
1400, 0.27296
1405, 0.272925
1410, 0.274417
1415, 0.274573
1420, 0.273129
1425, 0.273452
1430, 0.275577
1435, 0.275602
1440, 0.274371
1445, 0.276301
1450, 0.279023
1455, 0.278306
1460, 0.279139
1465, 0.284674
1470, 0.287604
1475, 0.289296
1480, 0.303986
1485, 0.377481
1490, 0.406694
1495, 0.395431
1500, 0.426671
1505, 0.412217
1510, 0.383026
1515, 0.363593
1520, 0.353423
1525, 0.346716
1530, 0.343555
1535, 0.345906
1540, 0.349873
1545, 0.354899
1550, 0.361866
1555, 0.364989
1560, 0.366798
1565, 0.367485
1570, 0.363824
1575, 0.361987
1580, 0.357456
1585, 0.352776
1590, 0.349801
1595, 0.343733
1600, 0.341373

200nm


lambda, Y
300, 0.164067
305, 0.162822
310, 0.161669
315, 0.161118
320, 0.160764
325, 0.160848
330, 0.161053
335, 0.161841
340, 0.162891
345, 0.164432
350, 0.166654
355, 0.169247
360, 0.171432
365, 0.172439
370, 0.171125
375, 0.168716
380, 0.167107
385, 0.166467
390, 0.16588
395, 0.165078
400, 0.166669
405, 0.16848
410, 0.168839
415, 0.168386
420, 0.168249
425, 0.175577
430, 0.182861
435, 0.185786
440, 0.18492
445, 0.181253
450, 0.176819
455, 0.173597
460, 0.172316
465, 0.172663
470, 0.17359
475, 0.17491
480, 0.177609
485, 0.180261
490, 0.182156
495, 0.182028
500, 0.17891
505, 0.172358
510, 0.164875
515, 0.161663
520, 0.159649
525, 0.157169
530, 0.154335
535, 0.152322
540, 0.150903
545, 0.149641
550, 0.148175
555, 0.146316
560, 0.144216
565, 0.142301
570, 0.140235
575, 0.13804
580, 0.136301
585, 0.134679
590, 0.133043
595, 0.131723
600, 0.130542
605, 0.129498
610, 0.128752
615, 0.128478
620, 0.128659
625, 0.128789
630, 0.128458
635, 0.128085
640, 0.127887
645, 0.128065
650, 0.128801
655, 0.129831
660, 0.131727
665, 0.134436
670, 0.137558
675, 0.139827
680, 0.139015
685, 0.133643
690, 0.125622
695, 0.118144
700, 0.11254
705, 0.108649
710, 0.10594
715, 0.103948
720, 0.102325
725, 0.100832
730, 0.0993763
735, 0.0982388
740, 0.0975798
745, 0.096981
750, 0.0969005
755, 0.0968634
760, 0.0963598
765, 0.0964944
770, 0.0957233
775, 0.0954562
780, 0.0938507
785, 0.0912807
790, 0.0856657
795, 0.081383
800, 0.0785081
805, 0.0777285
810, 0.0794851
815, 0.0805505
820, 0.0804141
825, 0.0797642
830, 0.0791843
835, 0.0788629
840, 0.0787312
845, 0.078692
850, 0.078706
855, 0.0787768
860, 0.0789175
865, 0.0791367
870, 0.0794336
875, 0.0797979
880, 0.080213
885, 0.0806643
890, 0.081165
895, 0.0817821
900, 0.0826238
905, 0.0837304
910, 0.0849378
915, 0.0859973
920, 0.087019
925, 0.088517
930, 0.0904668
935, 0.0921278
940, 0.0938024
945, 0.0963749
950, 0.0988038
955, 0.101087
960, 0.104535
965, 0.107445
970, 0.110997
975, 0.11517
980, 0.118911
985, 0.12417
990, 0.128542
995, 0.13477
1000, 0.140019
1005, 0.147305
1010, 0.153607
1015, 0.161984
1020, 0.169735
1025, 0.178889
1030, 0.188775
1035, 0.198385
1040, 0.210337
1045, 0.221462
1050, 0.233675
1055, 0.247489
1060, 0.260073
1065, 0.273423
1070, 0.287641
1075, 0.299598
1080, 0.30929
1085, 0.316832
1090, 0.318578
1095, 0.310748
1100, 0.292715
1105, 0.266799
1110, 0.238587
1115, 0.216063
1120, 0.205009
1125, 0.205787
1130, 0.214826
1135, 0.227739
1140, 0.241248
1145, 0.253626
1150, 0.264332
1155, 0.2734
1160, 0.281013
1165, 0.287298
1170, 0.292323
1175, 0.296139
1180, 0.298823
1185, 0.300487
1190, 0.301266
1195, 0.30131
1200, 0.300755
1205, 0.299724
1210, 0.298325
1215, 0.296644
1220, 0.294748
1225, 0.292693
1230, 0.290527
1235, 0.288278
1240, 0.285966
1245, 0.2836
1250, 0.281179
1255, 0.278689
1260, 0.276123
1265, 0.273488
1270, 0.270811
1275, 0.268169
1280, 0.265673
1285, 0.263446
1290, 0.261558
1295, 0.259966
1300, 0.258466
1305, 0.256751
1310, 0.254584
1315, 0.252005
1320, 0.249425
1325, 0.247411
1330, 0.246217
1335, 0.245405
1340, 0.244067
1345, 0.241698
1350, 0.238916
1355, 0.237027
1360, 0.236475
1365, 0.235975
1370, 0.233924
1375, 0.230799
1380, 0.228902
1385, 0.228919
1390, 0.228302
1395, 0.225164
1400, 0.222012
1405, 0.221771
1410, 0.221854
1415, 0.21837
1420, 0.21432
1425, 0.214328
1430, 0.214097
1435, 0.208591
1440, 0.204306
1445, 0.205369
1450, 0.201758
1455, 0.19232
1460, 0.190345
1465, 0.189285
1470, 0.173449
1475, 0.159832
1480, 0.156632
1485, 0.189597
1490, 0.452758
1495, 0.397314
1500, 0.720999
1505, 0.709039
1510, 0.598813
1515, 0.559276
1520, 0.527829
1525, 0.508836
1530, 0.507189
1535, 0.494054
1540, 0.488485
1545, 0.484381
1550, 0.47248
1555, 0.469167
1560, 0.460036
1565, 0.452023
1570, 0.447511
1575, 0.437696
1580, 0.433811
1585, 0.426379
1590, 0.420632
1595, 0.416373
1600, 0.409472

250nm


lambda, Y
300, 0.177958
305, 0.172265
310, 0.16751
315, 0.163427
320, 0.160606
325, 0.158024
330, 0.156316
335, 0.155212
340, 0.154433
345, 0.15391
350, 0.154331
355, 0.154842
360, 0.155077
365, 0.154393
370, 0.15269
375, 0.151025
380, 0.150308
385, 0.150812
390, 0.152243
395, 0.152403
400, 0.153894
405, 0.158821
410, 0.164582
415, 0.16845
420, 0.17059
425, 0.179855
430, 0.186229
435, 0.192405
440, 0.199556
445, 0.205361
450, 0.207985
455, 0.207476
460, 0.203572
465, 0.196731
470, 0.188058
475, 0.179708
480, 0.173975
485, 0.171194
490, 0.172293
495, 0.176202
500, 0.181233
505, 0.185366
510, 0.185364
515, 0.183626
520, 0.190321
525, 0.198826
530, 0.204302
535, 0.206102
540, 0.203178
545, 0.195688
550, 0.185453
555, 0.174812
560, 0.165462
565, 0.158293
570, 0.152601
575, 0.147278
580, 0.142663
585, 0.13838
590, 0.134472
595, 0.131478
600, 0.129109
605, 0.127266
610, 0.125898
615, 0.124884
620, 0.124117
625, 0.123545
630, 0.123202
635, 0.123257
640, 0.123449
645, 0.123733
650, 0.125028
655, 0.126527
660, 0.129768
665, 0.134476
670, 0.142308
675, 0.153425
680, 0.164071
685, 0.165266
690, 0.15319
695, 0.135575
700, 0.120515
705, 0.11222
710, 0.109539
715, 0.109391
720, 0.110163
725, 0.111496
730, 0.112959
735, 0.112434
740, 0.110464
745, 0.109597
750, 0.11003
755, 0.110356
760, 0.111079
765, 0.112505
770, 0.113693
775, 0.116157
780, 0.118685
785, 0.122817
790, 0.119774
795, 0.113325
800, 0.107784
805, 0.104612
810, 0.103909
815, 0.102925
820, 0.100995
825, 0.0984462
830, 0.0957904
835, 0.0934089
840, 0.0913906
845, 0.0896644
850, 0.088147
855, 0.0867909
860, 0.0855761
865, 0.0844895
870, 0.0835165
875, 0.08264
880, 0.081849
885, 0.0811512
890, 0.0805785
895, 0.0801666
900, 0.0798912
905, 0.0796188
910, 0.0791959
915, 0.0786848
920, 0.0783912
925, 0.0783796
930, 0.0782122
935, 0.0778026
940, 0.0777622
945, 0.0779078
950, 0.0776458
955, 0.0777521
960, 0.0780569
965, 0.0779573
970, 0.0785005
975, 0.0787184
980, 0.0791955
985, 0.0798616
990, 0.0803574
995, 0.0813844
1000, 0.0820592
1005, 0.0833789
1010, 0.0843898
1015, 0.0859375
1020, 0.0875119
1025, 0.0891907
1030, 0.0915932
1035, 0.093521
1040, 0.0966396
1045, 0.0996377
1050, 0.102981
1055, 0.107692
1060, 0.112287
1065, 0.117797
1070, 0.125178
1075, 0.133119
1080, 0.142093
1085, 0.153504
1090, 0.166223
1095, 0.177517
1100, 0.184009
1105, 0.180465
1110, 0.164002
1115, 0.141542
1120, 0.123949
1125, 0.115702
1130, 0.11555
1135, 0.120674
1140, 0.128646
1145, 0.137915
1150, 0.147709
1155, 0.157711
1160, 0.167753
1165, 0.177629
1170, 0.187071
1175, 0.195788
1180, 0.203528
1185, 0.210118
1190, 0.215474
1195, 0.219595
1200, 0.222542
1205, 0.224418
1210, 0.225355
1215, 0.225485
1220, 0.224946
1225, 0.22386
1230, 0.222336
1235, 0.220468
1240, 0.218329
1245, 0.215981
1250, 0.213482
1255, 0.210883
1260, 0.208246
1265, 0.205644
1270, 0.203158
1275, 0.200863
1280, 0.198801
1285, 0.196946
1290, 0.195189
1295, 0.193363
1300, 0.191317
1305, 0.189019
1310, 0.186634
1315, 0.184479
1320, 0.182806
1325, 0.181571
1330, 0.180363
1335, 0.1787
1340, 0.176503
1345, 0.174296
1350, 0.172727
1355, 0.17178
1360, 0.170631
1365, 0.168603
1370, 0.166176
1375, 0.164496
1380, 0.16364
1385, 0.16227
1390, 0.159689
1395, 0.157227
1400, 0.156068
1405, 0.154859
1410, 0.151984
1415, 0.148937
1420, 0.147566
1425, 0.145864
1430, 0.141899
1435, 0.138471
1440, 0.136956
1445, 0.133257
1450, 0.127421
1455, 0.124358
1460, 0.120765
1465, 0.112056
1470, 0.105703
1475, 0.101068
1480, 0.0855891
1485, 0.0608461
1490, 0.0314118
1495, 0.0302357
1500, 0.0408324
1505, 0.116598
1510, 0.169271
1515, 0.195551
1520, 0.20609
1525, 0.225311
1530, 0.245647
1535, 0.26429
1540, 0.290144
1545, 0.309646
1550, 0.329358
1555, 0.348817
1560, 0.360331
1565, 0.375014
1570, 0.382996
1575, 0.390064
1580, 0.397319
1585, 0.398703
1590, 0.404234
1595, 0.403973
1600, 0.406076

300nm


lambda, Y
300, 0.255535
305, 0.25426
310, 0.253543
315, 0.25281
320, 0.252682
325, 0.252067
330, 0.251558
335, 0.250598
340, 0.249317
345, 0.247724
350, 0.246503
355, 0.245305
360, 0.243736
365, 0.240343
370, 0.235234
375, 0.230228
380, 0.226564
385, 0.224818
390, 0.224257
395, 0.22459
400, 0.225545
405, 0.228758
410, 0.235924
415, 0.245902
420, 0.256555
425, 0.277283
430, 0.276949
435, 0.275034
440, 0.276648
445, 0.285769
450, 0.294888
455, 0.301266
460, 0.305378
465, 0.307483
470, 0.30633
475, 0.300133
480, 0.286835
485, 0.266004
490, 0.245624
495, 0.235734
500, 0.237064
505, 0.243981
510, 0.248808
515, 0.240817
520, 0.231313
525, 0.239279
530, 0.249612
535, 0.257935
540, 0.2649
545, 0.271409
550, 0.277829
555, 0.283646
560, 0.287486
565, 0.28775
570, 0.282701
575, 0.269957
580, 0.252426
585, 0.233862
590, 0.217323
595, 0.204444
600, 0.195068
605, 0.188509
610, 0.183681
615, 0.179582
620, 0.17605
625, 0.173249
630, 0.171266
635, 0.170127
640, 0.169465
645, 0.169291
650, 0.170182
655, 0.171991
660, 0.176238
665, 0.183223
670, 0.193343
675, 0.203625
680, 0.208476
685, 0.205283
690, 0.195642
695, 0.181795
700, 0.164928
705, 0.14791
710, 0.138957
715, 0.141959
720, 0.149247
725, 0.155212
730, 0.159243
735, 0.161809
740, 0.163305
745, 0.164511
750, 0.165775
755, 0.166486
760, 0.167479
765, 0.168641
770, 0.169817
775, 0.171734
780, 0.174075
785, 0.178619
790, 0.177852
795, 0.170176
800, 0.163974
805, 0.164129
810, 0.164911
815, 0.163165
820, 0.159655
825, 0.155183
830, 0.150372
835, 0.145649
840, 0.141191
845, 0.137087
850, 0.133564
855, 0.130579
860, 0.127856
865, 0.125467
870, 0.123496
875, 0.12161
880, 0.119218
885, 0.116712
890, 0.11468
895, 0.113189
900, 0.112118
905, 0.111261
910, 0.110364
915, 0.109429
920, 0.108852
925, 0.108649
930, 0.108434
935, 0.108171
940, 0.108211
945, 0.108305
950, 0.108137
955, 0.108247
960, 0.108399
965, 0.108444
970, 0.108981
975, 0.109136
980, 0.109405
985, 0.109568
990, 0.109699
995, 0.109986
1000, 0.110163
1005, 0.11057
1010, 0.110936
1015, 0.111479
1020, 0.11224
1025, 0.11299
1030, 0.114128
1035, 0.114743
1040, 0.115664
1045, 0.116564
1050, 0.117481
1055, 0.118994
1060, 0.120467
1065, 0.122174
1070, 0.124587
1075, 0.12716
1080, 0.129776
1085, 0.132422
1090, 0.134123
1095, 0.134718
1100, 0.135538
1105, 0.137056
1110, 0.137885
1115, 0.135945
1120, 0.131182
1125, 0.126446
1130, 0.12395
1135, 0.123637
1140, 0.124621
1145, 0.126227
1150, 0.128135
1155, 0.130267
1160, 0.132729
1165, 0.135724
1170, 0.139321
1175, 0.143414
1180, 0.147891
1185, 0.152688
1190, 0.157772
1195, 0.163105
1200, 0.16862
1205, 0.174191
1210, 0.179633
1215, 0.184764
1220, 0.189452
1225, 0.193564
1230, 0.19692
1235, 0.199338
1240, 0.200687
1245, 0.200917
1250, 0.200058
1255, 0.198226
1260, 0.195647
1265, 0.192607
1270, 0.189371
1275, 0.186126
1280, 0.183003
1285, 0.180077
1290, 0.177357
1295, 0.174791
1300, 0.172305
1305, 0.169864
1310, 0.167514
1315, 0.165393
1320, 0.16365
1325, 0.162331
1330, 0.161284
1335, 0.160257
1340, 0.159104
1345, 0.157949
1350, 0.157087
1355, 0.156634
1360, 0.15635
1365, 0.155878
1370, 0.155223
1375, 0.154772
1380, 0.154736
1385, 0.15478
1390, 0.15454
1395, 0.15424
1400, 0.154321
1405, 0.154628
1410, 0.154695
1415, 0.154697
1420, 0.155082
1425, 0.155616
1430, 0.155957
1435, 0.15653
1440, 0.157451
1445, 0.158263
1450, 0.159387
1455, 0.161206
1460, 0.162845
1465, 0.165141
1470, 0.169752
1475, 0.174723
1480, 0.183055
1485, 0.203346
1490, 0.148511
1495, 0.161582
1500, 0.146553
1505, 0.114685
1510, 0.082784
1515, 0.0652317
1520, 0.0585857
1525, 0.0535737
1530, 0.0499087
1535, 0.0485134
1540, 0.045613
1545, 0.0429525
1550, 0.0400236
1555, 0.0350191
1560, 0.0307788
1565, 0.0257124
1570, 0.0208884
1575, 0.0172959
1580, 0.0138306
1585, 0.0120521
1590, 0.0112592
1595, 0.011686
1600, 0.0137087

350nm


lambda, Y
300, 0.233041
305, 0.230979
310, 0.229308
315, 0.228013
320, 0.227252
325, 0.226907
330, 0.226943
335, 0.227161
340, 0.22753
345, 0.228102
350, 0.228982
355, 0.230187
360, 0.230968
365, 0.229598
370, 0.225339
375, 0.220025
380, 0.215523
385, 0.212617
390, 0.209664
395, 0.207473
400, 0.208046
405, 0.208783
410, 0.208134
415, 0.207426
420, 0.21061
425, 0.228173
430, 0.241298
435, 0.240376
440, 0.237617
445, 0.237293
450, 0.243639
455, 0.251618
460, 0.258278
465, 0.263281
470, 0.266772
475, 0.268957
480, 0.269016
485, 0.265947
490, 0.257329
495, 0.241209
500, 0.223185
505, 0.21758
510, 0.223862
515, 0.228021
520, 0.216702
525, 0.205871
530, 0.208045
535, 0.214184
540, 0.219944
545, 0.224858
550, 0.22923
555, 0.233353
560, 0.237455
565, 0.241765
570, 0.246928
575, 0.252901
580, 0.259029
585, 0.265155
590, 0.271109
595, 0.275582
600, 0.275976
605, 0.267499
610, 0.246741
615, 0.2198
620, 0.196614
625, 0.180265
630, 0.169509
635, 0.161814
640, 0.155445
645, 0.150426
650, 0.146587
655, 0.143756
660, 0.141983
665, 0.142879
670, 0.147712
675, 0.155848
680, 0.165725
685, 0.176044
690, 0.185957
695, 0.19524
700, 0.2023
705, 0.203224
710, 0.19031
715, 0.162588
720, 0.14354
725, 0.140122
730, 0.142837
735, 0.146498
740, 0.149761
745, 0.152244
750, 0.154464
755, 0.156934
760, 0.159271
765, 0.16248
770, 0.166274
775, 0.171184
780, 0.178062
785, 0.189221
790, 0.205028
795, 0.207008
800, 0.190524
805, 0.185509
810, 0.196567
815, 0.208149
820, 0.215526
825, 0.218635
830, 0.217931
835, 0.214526
840, 0.208377
845, 0.199317
850, 0.190133
855, 0.183414
860, 0.176542
865, 0.16831
870, 0.159031
875, 0.151148
880, 0.147535
885, 0.145421
890, 0.14222
895, 0.138201
900, 0.13404
905, 0.130111
910, 0.126615
915, 0.123199
920, 0.119582
925, 0.116319
930, 0.113605
935, 0.110911
940, 0.108372
945, 0.106545
950, 0.104776
955, 0.102982
960, 0.101833
965, 0.100485
970, 0.0995396
975, 0.0989928
980, 0.098248
985, 0.0980075
990, 0.0973565
995, 0.0972567
1000, 0.0967194
1005, 0.0966979
1010, 0.0962708
1015, 0.0963213
1020, 0.0960936
1025, 0.0963309
1030, 0.0967383
1035, 0.0971144
1040, 0.0977307
1045, 0.0979539
1050, 0.0984469
1055, 0.099121
1060, 0.0996969
1065, 0.100776
1070, 0.102274
1075, 0.104111
1080, 0.106926
1085, 0.110709
1090, 0.114361
1095, 0.117287
1100, 0.120432
1105, 0.124695
1110, 0.129701
1115, 0.133449
1120, 0.133622
1125, 0.130815
1130, 0.127485
1135, 0.124961
1140, 0.123432
1145, 0.122763
1150, 0.122743
1155, 0.123085
1160, 0.123542
1165, 0.124119
1170, 0.124968
1175, 0.126153
1180, 0.12765
1185, 0.129428
1190, 0.131482
1195, 0.133819
1200, 0.136441
1205, 0.139354
1210, 0.142581
1215, 0.146196
1220, 0.150309
1225, 0.155004
1230, 0.160316
1235, 0.166264
1240, 0.172855
1245, 0.180032
1250, 0.187633
1255, 0.19536
1260, 0.202811
1265, 0.209556
1270, 0.21505
1275, 0.218567
1280, 0.219461
1285, 0.217498
1290, 0.213033
1295, 0.206907
1300, 0.200042
1305, 0.192974
1310, 0.185777
1315, 0.178415
1320, 0.171153
1325, 0.164666
1330, 0.159634
1335, 0.156161
1340, 0.153576
1345, 0.150984
1350, 0.14818
1355, 0.145911
1360, 0.144979
1365, 0.145102
1370, 0.145064
1375, 0.144299
1380, 0.143769
1385, 0.144581
1390, 0.146123
1395, 0.146881
1400, 0.14701
1405, 0.148221
1410, 0.150674
1415, 0.15249
1420, 0.153392
1425, 0.155471
1430, 0.158986
1435, 0.161652
1440, 0.163647
1445, 0.167628
1450, 0.172893
1455, 0.176875
1460, 0.18169
1465, 0.190368
1470, 0.200211
1475, 0.210573
1480, 0.232499
1485, 0.288367
1490, 0.242563
1495, 0.255149
1500, 0.259653
1505, 0.22611
1510, 0.181175
1515, 0.152854
1520, 0.139899
1525, 0.130258
1530, 0.122787
1535, 0.119825
1540, 0.115635
1545, 0.112185
1550, 0.109854
1555, 0.104051
1560, 0.0991932
1565, 0.0929362
1570, 0.0850444
1575, 0.0789102
1580, 0.0706933
1585, 0.0640018
1590, 0.0574196
1595, 0.050402
1600, 0.0453712

400nm


lambda, Y
300, 0.230715
305, 0.224927
310, 0.219987
315, 0.215835
320, 0.212568
325, 0.21011
330, 0.20842
335, 0.207335
340, 0.206985
345, 0.207377
350, 0.208429
355, 0.210238
360, 0.212328
365, 0.213439
370, 0.212654
375, 0.210634
380, 0.208529
385, 0.207515
390, 0.206533
395, 0.204584
400, 0.205251
405, 0.208402
410, 0.209068
415, 0.207266
420, 0.206355
425, 0.217253
430, 0.232508
435, 0.236423
440, 0.238993
445, 0.232126
450, 0.221598
455, 0.217458
460, 0.219612
465, 0.224127
470, 0.228951
475, 0.234038
480, 0.238907
485, 0.242742
490, 0.2451
495, 0.243891
500, 0.233963
505, 0.21516
510, 0.206053
515, 0.212994
520, 0.220069
525, 0.214579
530, 0.20233
535, 0.194092
540, 0.190858
545, 0.190307
550, 0.19077
555, 0.191548
560, 0.192665
565, 0.19452
570, 0.197635
575, 0.201764
580, 0.206777
585, 0.21248
590, 0.219431
595, 0.228084
600, 0.239202
605, 0.253473
610, 0.270097
615, 0.285941
620, 0.296836
625, 0.297522
630, 0.281889
635, 0.251758
640, 0.2204
645, 0.194033
650, 0.173434
655, 0.157784
660, 0.148544
665, 0.143104
670, 0.136806
675, 0.128895
680, 0.123922
685, 0.123696
690, 0.127984
695, 0.13687
700, 0.151481
705, 0.174063
710, 0.205741
715, 0.232575
720, 0.216268
725, 0.17303
730, 0.145803
735, 0.134504
740, 0.13055
745, 0.129637
750, 0.129953
755, 0.130338
760, 0.130797
765, 0.131486
770, 0.132271
775, 0.134049
780, 0.136868
785, 0.142342
790, 0.157211
795, 0.17785
800, 0.184319
805, 0.172308
810, 0.171503
815, 0.183208
820, 0.200632
825, 0.220446
830, 0.241178
835, 0.261672
840, 0.280179
845, 0.292782
850, 0.29609
855, 0.298477
860, 0.30266
865, 0.302865
870, 0.292928
875, 0.270639
880, 0.25098
885, 0.243728
890, 0.241217
895, 0.238266
900, 0.233727
905, 0.227387
910, 0.21954
915, 0.211934
920, 0.205366
925, 0.199137
930, 0.192465
935, 0.185235
940, 0.17844
945, 0.172003
950, 0.165128
955, 0.158914
960, 0.153084
965, 0.14693
970, 0.141825
975, 0.13647
980, 0.131826
985, 0.127389
990, 0.123153
995, 0.119416
1000, 0.115674
1005, 0.112421
1010, 0.10921
1015, 0.106191
1020, 0.103496
1025, 0.100589
1030, 0.0986199
1035, 0.0964388
1040, 0.0948936
1045, 0.09332
1050, 0.0914182
1055, 0.090059
1060, 0.0884299
1065, 0.086628
1070, 0.0853023
1075, 0.083939
1080, 0.0827015
1085, 0.0827118
1090, 0.0840629
1095, 0.0855582
1100, 0.0868011
1105, 0.0888469
1110, 0.0929606
1115, 0.099467
1120, 0.106343
1125, 0.110806
1130, 0.112647
1135, 0.113128
1140, 0.113147
1145, 0.113131
1150, 0.113321
1155, 0.113818
1160, 0.114517
1165, 0.115244
1170, 0.116002
1175, 0.116879
1180, 0.117915
1185, 0.119108
1190, 0.12045
1195, 0.121937
1200, 0.123564
1205, 0.125317
1210, 0.127181
1215, 0.129176
1220, 0.131372
1225, 0.133838
1230, 0.136608
1235, 0.139701
1240, 0.143135
1245, 0.146925
1250, 0.151081
1255, 0.155612
1260, 0.160555
1265, 0.165993
1270, 0.172013
1275, 0.178655
1280, 0.185913
1285, 0.193689
1290, 0.201714
1295, 0.209448
1300, 0.216062
1305, 0.220498
1310, 0.221625
1315, 0.218681
1320, 0.211783
1325, 0.201941
1330, 0.190491
1335, 0.178437
1340, 0.166454
1345, 0.155254
1350, 0.1457
1355, 0.138366
1360, 0.133065
1365, 0.128994
1370, 0.125529
1375, 0.122818
1380, 0.121411
1385, 0.121235
1390, 0.121408
1395, 0.121354
1400, 0.121691
1405, 0.123202
1410, 0.125305
1415, 0.12685
1420, 0.128311
1425, 0.131119
1430, 0.134709
1435, 0.137406
1440, 0.140164
1445, 0.145072
1450, 0.150554
1455, 0.154625
1460, 0.160606
1465, 0.170551
1470, 0.179763
1475, 0.189967
1480, 0.214998
1485, 0.289996
1490, 0.321565
1495, 0.32027
1500, 0.391689
1505, 0.383485
1510, 0.31689
1515, 0.275162
1520, 0.252823
1525, 0.235339
1530, 0.22609
1535, 0.220485
1540, 0.214692
1545, 0.213346
1550, 0.210991
1555, 0.206721
1560, 0.20346
1565, 0.196177
1570, 0.188936
1575, 0.181278
1580, 0.171445
1585, 0.163831
1590, 0.1544
1595, 0.14624
1600, 0.138669

425nm


lambda, Y
300, 0.258217
305, 0.253447
310, 0.24921
315, 0.24583
320, 0.242794
325, 0.240519
330, 0.238416
335, 0.236496
340, 0.235029
345, 0.234198
350, 0.233578
355, 0.233634
360, 0.233742
365, 0.232746
370, 0.23045
375, 0.227764
380, 0.225415
385, 0.224414
390, 0.224188
395, 0.222634
400, 0.222336
405, 0.226386
410, 0.230017
415, 0.229457
420, 0.227448
425, 0.232679
430, 0.248526
435, 0.25491
440, 0.263517
445, 0.265173
450, 0.256022
455, 0.242885
460, 0.235214
465, 0.234848
470, 0.238433
475, 0.243336
480, 0.248197
485, 0.253407
490, 0.258376
495, 0.261656
500, 0.25916
505, 0.244812
510, 0.227421
515, 0.22807
520, 0.238267
525, 0.242557
530, 0.235662
535, 0.22321
540, 0.213643
545, 0.208697
550, 0.206723
555, 0.206096
560, 0.205787
565, 0.205349
570, 0.205332
575, 0.20597
580, 0.207445
585, 0.210299
590, 0.214799
595, 0.220755
600, 0.228294
605, 0.237912
610, 0.24985
615, 0.263497
620, 0.278109
625, 0.292637
630, 0.303471
635, 0.303251
640, 0.288978
645, 0.265304
650, 0.236907
655, 0.205643
660, 0.178457
665, 0.161821
670, 0.158837
675, 0.15743
680, 0.148507
685, 0.139457
690, 0.135102
695, 0.136373
700, 0.143857
705, 0.159676
710, 0.187497
715, 0.227082
720, 0.249457
725, 0.219398
730, 0.178694
735, 0.154791
740, 0.143675
745, 0.139115
750, 0.137312
755, 0.136253
760, 0.135694
765, 0.134881
770, 0.133941
775, 0.13315
780, 0.132921
785, 0.133924
790, 0.141443
795, 0.157534
800, 0.171359
805, 0.165425
810, 0.158829
815, 0.161741
820, 0.171212
825, 0.184974
830, 0.202273
835, 0.22269
840, 0.246099
845, 0.269433
850, 0.286099
855, 0.300328
860, 0.318194
865, 0.335934
870, 0.343725
875, 0.329294
880, 0.305354
885, 0.294066
890, 0.292086
895, 0.291821
900, 0.289969
905, 0.285328
910, 0.277084
915, 0.26798
920, 0.260695
925, 0.253791
930, 0.245913
935, 0.237481
940, 0.229539
945, 0.221185
950, 0.212317
955, 0.204492
960, 0.196273
965, 0.188183
970, 0.181074
975, 0.173339
980, 0.166943
985, 0.160045
990, 0.154191
995, 0.148124
1000, 0.142905
1005, 0.137499
1010, 0.132988
1015, 0.12804
1020, 0.124116
1025, 0.119584
1030, 0.116144
1035, 0.112804
1040, 0.109747
1045, 0.107352
1050, 0.104401
1055, 0.101894
1060, 0.0995902
1065, 0.0967462
1070, 0.0941544
1075, 0.0916966
1080, 0.0888588
1085, 0.0865787
1090, 0.0857929
1095, 0.0857024
1100, 0.0852212
1105, 0.0848026
1110, 0.0858721
1115, 0.0897998
1120, 0.0961633
1125, 0.10233
1130, 0.106651
1135, 0.109388
1140, 0.111209
1145, 0.11256
1150, 0.113765
1155, 0.115091
1160, 0.116634
1165, 0.118269
1170, 0.1199
1175, 0.121561
1180, 0.123304
1185, 0.125147
1190, 0.127099
1195, 0.12916
1200, 0.131334
1205, 0.133624
1210, 0.13602
1215, 0.138523
1220, 0.141162
1225, 0.14398
1230, 0.147009
1235, 0.150272
1240, 0.15378
1245, 0.157543
1250, 0.161564
1255, 0.165851
1260, 0.170441
1265, 0.175429
1270, 0.180933
1275, 0.187073
1280, 0.193958
1285, 0.201654
1290, 0.210109
1295, 0.219075
1300, 0.22811
1305, 0.23664
1310, 0.244048
1315, 0.24974
1320, 0.253082
1325, 0.253185
1330, 0.24888
1335, 0.239346
1340, 0.225106
1345, 0.20831
1350, 0.191532
1355, 0.176204
1360, 0.162434
1365, 0.150125
1370, 0.139755
1375, 0.131909
1380, 0.12642
1385, 0.122376
1390, 0.119026
1395, 0.116455
1400, 0.115187
1405, 0.115109
1410, 0.115283
1415, 0.115243
1420, 0.115874
1425, 0.117814
1430, 0.119833
1435, 0.121026
1440, 0.123108
1445, 0.127
1450, 0.130166
1455, 0.132315
1460, 0.137365
1465, 0.144182
1470, 0.148027
1475, 0.154604
1480, 0.171365
1485, 0.213898
1490, 0.310344
1495, 0.298064
1500, 0.436682
1505, 0.518907
1510, 0.45498
1515, 0.396736
1520, 0.357767
1525, 0.331951
1530, 0.31871
1535, 0.308074
1540, 0.302331
1545, 0.301955
1550, 0.300183
1555, 0.298965
1560, 0.295601
1565, 0.287749
1570, 0.279183
1575, 0.267525
1580, 0.254962
1585, 0.242886
1590, 0.229516
1595, 0.217903
1600, 0.206065

