lambda	100 nm	150 nm	200 nm	250 nm	300 nm	350 nm	400 nm	425 nm
300	0.182029	0.186873	0.164067	0.177958	0.255535	0.233041	0.230715	0.258217
305	0.176749	0.185465	0.162822	0.172265	0.25426	0.230979	0.224927	0.253447
310	0.172027	0.184395	0.161669	0.16751	0.253543	0.229308	0.219987	0.24921
315	0.168904	0.184411	0.161118	0.163427	0.25281	0.228013	0.215835	0.24583
320	0.166128	0.184077	0.160764	0.160606	0.252682	0.227252	0.212568	0.242794
325	0.165022	0.184435	0.160848	0.158024	0.252067	0.226907	0.21011	0.240519
330	0.163938	0.183987	0.161053	0.156316	0.251558	0.226943	0.20842	0.238416
335	0.163205	0.183399	0.161841	0.155212	0.250598	0.227161	0.207335	0.236496
340	0.162706	0.182502	0.162891	0.154433	0.249317	0.22753	0.206985	0.235029
345	0.162637	0.181806	0.164432	0.15391	0.247724	0.228102	0.207377	0.234198
350	0.162163	0.181079	0.166654	0.154331	0.246503	0.228982	0.208429	0.233578
355	0.162025	0.180752	0.169247	0.154842	0.245305	0.230187	0.210238	0.233634
360	0.161335	0.179841	0.171432	0.155077	0.243736	0.230968	0.212328	0.233742
365	0.159463	0.177627	0.172439	0.154393	0.240343	0.229598	0.213439	0.232746
370	0.156137	0.173329	0.171125	0.15269	0.235234	0.225339	0.212654	0.23045
375	0.152646	0.168577	0.168716	0.151025	0.230228	0.220025	0.210634	0.227764
380	0.150284	0.165261	0.167107	0.150308	0.226564	0.215523	0.208529	0.225415
385	0.149195	0.163103	0.166467	0.150812	0.224818	0.212617	0.207515	0.224414
390	0.149404	0.161834	0.16588	0.152243	0.224257	0.209664	0.206533	0.224188
395	0.150711	0.161153	0.165078	0.152403	0.22459	0.207473	0.204584	0.222634
400	0.153536	0.161569	0.166669	0.153894	0.225545	0.208046	0.205251	0.222336
405	0.157732	0.162162	0.16848	0.158821	0.228758	0.208783	0.208402	0.226386
410	0.162745	0.162497	0.168839	0.164582	0.235924	0.208134	0.209068	0.230017
415	0.168865	0.163024	0.168386	0.16845	0.245902	0.207426	0.207266	0.229457
420	0.176764	0.163628	0.168249	0.17059	0.256555	0.21061	0.206355	0.227448
425	0.201532	0.17098	0.175577	0.179855	0.277283	0.228173	0.217253	0.232679
430	0.208378	0.179121	0.182861	0.186229	0.276949	0.241298	0.232508	0.248526
435	0.211235	0.179434	0.185786	0.192405	0.275034	0.240376	0.236423	0.25491
440	0.213769	0.182124	0.18492	0.199556	0.276648	0.237617	0.238993	0.263517
445	0.215678	0.185891	0.181253	0.205361	0.285769	0.237293	0.232126	0.265173
450	0.217	0.188911	0.176819	0.207985	0.294888	0.243639	0.221598	0.256022
455	0.217779	0.191086	0.173597	0.207476	0.301266	0.251618	0.217458	0.242885
460	0.217975	0.192555	0.172316	0.203572	0.305378	0.258278	0.219612	0.235214
465	0.217996	0.193809	0.172663	0.196731	0.307483	0.263281	0.224127	0.234848
470	0.217712	0.194535	0.17359	0.188058	0.30633	0.266772	0.228951	0.238433
475	0.216927	0.194713	0.17491	0.179708	0.300133	0.268957	0.234038	0.243336
480	0.215354	0.194804	0.177609	0.173975	0.286835	0.269016	0.238907	0.248197
485	0.212033	0.194125	0.180261	0.171194	0.266004	0.265947	0.242742	0.253407
490	0.207773	0.192619	0.182156	0.172293	0.245624	0.257329	0.2451	0.258376
495	0.203409	0.189206	0.182028	0.176202	0.235734	0.241209	0.243891	0.261656
500	0.19978	0.183161	0.17891	0.181233	0.237064	0.223185	0.233963	0.25916
505	0.197391	0.17647	0.172358	0.185366	0.243981	0.21758	0.21516	0.244812
510	0.196204	0.172781	0.164875	0.185364	0.248808	0.223862	0.206053	0.227421
515	0.195888	0.172411	0.161663	0.183626	0.240817	0.228021	0.212994	0.22807
520	0.195596	0.172836	0.159649	0.190321	0.231313	0.216702	0.220069	0.238267
525	0.195594	0.173137	0.157169	0.198826	0.239279	0.205871	0.214579	0.242557
530	0.195107	0.172468	0.154335	0.204302	0.249612	0.208045	0.20233	0.235662
535	0.194523	0.171356	0.152322	0.206102	0.257935	0.214184	0.194092	0.22321
540	0.193991	0.169978	0.150903	0.203178	0.2649	0.219944	0.190858	0.213643
545	0.193561	0.168491	0.149641	0.195688	0.271409	0.224858	0.190307	0.208697
550	0.193321	0.166982	0.148175	0.185453	0.277829	0.22923	0.19077	0.206723
555	0.193336	0.165397	0.146316	0.174812	0.283646	0.233353	0.191548	0.206096
560	0.193749	0.163718	0.144216	0.165462	0.287486	0.237455	0.192665	0.205787
565	0.194548	0.161983	0.142301	0.158293	0.28775	0.241765	0.19452	0.205349
570	0.19546	0.160049	0.140235	0.152601	0.282701	0.246928	0.197635	0.205332
575	0.196797	0.158693	0.13804	0.147278	0.269957	0.252901	0.201764	0.20597
580	0.197116	0.157613	0.136301	0.142663	0.252426	0.259029	0.206777	0.207445
585	0.197844	0.156971	0.134679	0.13838	0.233862	0.265155	0.21248	0.210299
590	0.198359	0.156442	0.133043	0.134472	0.217323	0.271109	0.219431	0.214799
595	0.199159	0.156237	0.131723	0.131478	0.204444	0.275582	0.228084	0.220755
600	0.200801	0.156249	0.130542	0.129109	0.195068	0.275976	0.239202	0.228294
605	0.203348	0.156191	0.129498	0.127266	0.188509	0.267499	0.253473	0.237912
610	0.206565	0.155866	0.128752	0.125898	0.183681	0.246741	0.270097	0.24985
615	0.209753	0.155363	0.128478	0.124884	0.179582	0.2198	0.285941	0.263497
620	0.212473	0.154995	0.128659	0.124117	0.17605	0.196614	0.296836	0.278109
625	0.214957	0.155077	0.128789	0.123545	0.173249	0.180265	0.297522	0.292637
630	0.218089	0.155757	0.128458	0.123202	0.171266	0.169509	0.281889	0.303471
635	0.221665	0.156357	0.128085	0.123257	0.170127	0.161814	0.251758	0.303251
640	0.223023	0.156345	0.127887	0.123449	0.169465	0.155445	0.2204	0.288978
645	0.221493	0.156333	0.128065	0.123733	0.169291	0.150426	0.194033	0.265304
650	0.217143	0.155051	0.128801	0.125028	0.170182	0.146587	0.173434	0.236907
655	0.214477	0.15303	0.129831	0.126527	0.171991	0.143756	0.157784	0.205643
660	0.213598	0.148567	0.131727	0.129768	0.176238	0.141983	0.148544	0.178457
665	0.2184	0.142779	0.134436	0.134476	0.183223	0.142879	0.143104	0.161821
670	0.229384	0.13577	0.137558	0.142308	0.193343	0.147712	0.136806	0.158837
675	0.249051	0.129225	0.139827	0.153425	0.203625	0.155848	0.128895	0.15743
680	0.278872	0.125364	0.139015	0.164071	0.208476	0.165725	0.123922	0.148507
685	0.316162	0.12487	0.133643	0.165266	0.205283	0.176044	0.123696	0.139457
690	0.354943	0.127342	0.125622	0.15319	0.195642	0.185957	0.127984	0.135102
695	0.38767	0.131951	0.118144	0.135575	0.181795	0.19524	0.13687	0.136373
700	0.408558	0.137785	0.11254	0.120515	0.164928	0.2023	0.151481	0.143857
705	0.416147	0.144064	0.108649	0.11222	0.14791	0.203224	0.174063	0.159676
710	0.412751	0.150234	0.10594	0.109539	0.138957	0.19031	0.205741	0.187497
715	0.40207	0.155945	0.103948	0.109391	0.141959	0.162588	0.232575	0.227082
720	0.38727	0.160947	0.102325	0.110163	0.149247	0.14354	0.216268	0.249457
725	0.370367	0.165028	0.100832	0.111496	0.155212	0.140122	0.17303	0.219398
730	0.352802	0.168182	0.0993763	0.112959	0.159243	0.142837	0.145803	0.178694
735	0.336161	0.17082	0.0982388	0.112434	0.161809	0.146498	0.134504	0.154791
740	0.321036	0.173066	0.0975798	0.110464	0.163305	0.149761	0.13055	0.143675
745	0.305876	0.174039	0.096981	0.109597	0.164511	0.152244	0.129637	0.139115
750	0.29114	0.174106	0.0969005	0.11003	0.165775	0.154464	0.129953	0.137312
755	0.278644	0.174236	0.0968634	0.110356	0.166486	0.156934	0.130338	0.136253
760	0.265297	0.172629	0.0963598	0.111079	0.167479	0.159271	0.130797	0.135694
765	0.253349	0.170872	0.0964944	0.112505	0.168641	0.16248	0.131486	0.134881
770	0.241299	0.16773	0.0957233	0.113693	0.169817	0.166274	0.132271	0.133941
775	0.229302	0.163807	0.0954562	0.116157	0.171734	0.171184	0.134049	0.13315
780	0.216029	0.157572	0.0938507	0.118685	0.174075	0.178062	0.136868	0.132921
785	0.200904	0.146276	0.0912807	0.122817	0.178619	0.189221	0.142342	0.133924
790	0.195884	0.13187	0.0856657	0.119774	0.177852	0.205028	0.157211	0.141443
795	0.200265	0.124718	0.081383	0.113325	0.170176	0.207008	0.17785	0.157534
800	0.207123	0.12099	0.0785081	0.107784	0.163974	0.190524	0.184319	0.171359
805	0.215581	0.11864	0.0777285	0.104612	0.164129	0.185509	0.172308	0.165425
810	0.227074	0.118101	0.0794851	0.103909	0.164911	0.196567	0.171503	0.158829
815	0.240967	0.118854	0.0805505	0.102925	0.163165	0.208149	0.183208	0.161741
820	0.257807	0.121214	0.0804141	0.100995	0.159655	0.215526	0.200632	0.171212
825	0.275735	0.127037	0.0797642	0.0984462	0.155183	0.218635	0.220446	0.184974
830	0.280988	0.13488	0.0791843	0.0957904	0.150372	0.217931	0.241178	0.202273
835	0.27321	0.137574	0.0788629	0.0934089	0.145649	0.214526	0.261672	0.22269
840	0.271118	0.137114	0.0787312	0.0913906	0.141191	0.208377	0.280179	0.246099
845	0.276294	0.137328	0.078692	0.0896644	0.137087	0.199317	0.292782	0.269433
850	0.285611	0.13905	0.078706	0.088147	0.133564	0.190133	0.29609	0.286099
855	0.295934	0.1426	0.0787768	0.0867909	0.130579	0.183414	0.298477	0.300328
860	0.302098	0.146845	0.0789175	0.0855761	0.127856	0.176542	0.30266	0.318194
865	0.306107	0.15012	0.0791367	0.0844895	0.125467	0.16831	0.302865	0.335934
870	0.31187	0.153239	0.0794336	0.0835165	0.123496	0.159031	0.292928	0.343725
875	0.319021	0.156797	0.0797979	0.08264	0.12161	0.151148	0.270639	0.329294
880	0.326738	0.160832	0.080213	0.081849	0.119218	0.147535	0.25098	0.305354
885	0.334525	0.165268	0.0806643	0.0811512	0.116712	0.145421	0.243728	0.294066
890	0.342047	0.170033	0.081165	0.0805785	0.11468	0.14222	0.241217	0.292086
895	0.349054	0.175107	0.0817821	0.0801666	0.113189	0.138201	0.238266	0.291821
900	0.355362	0.180451	0.0826238	0.0798912	0.112118	0.13404	0.233727	0.289969
905	0.361145	0.185763	0.0837304	0.0796188	0.111261	0.130111	0.227387	0.285328
910	0.367773	0.191152	0.0849378	0.0791959	0.110364	0.126615	0.21954	0.277084
915	0.375216	0.197109	0.0859973	0.0786848	0.109429	0.123199	0.211934	0.26798
920	0.381936	0.203358	0.087019	0.0783912	0.108852	0.119582	0.205366	0.260695
925	0.388409	0.210306	0.088517	0.0783796	0.108649	0.116319	0.199137	0.253791
930	0.395679	0.218428	0.0904668	0.0782122	0.108434	0.113605	0.192465	0.245913
935	0.402245	0.226647	0.0921278	0.0778026	0.108171	0.110911	0.185235	0.237481
940	0.407077	0.23453	0.0938024	0.0777622	0.108211	0.108372	0.17844	0.229539
945	0.412632	0.243773	0.0963749	0.0779078	0.108305	0.106545	0.172003	0.221185
950	0.41781	0.253501	0.0988038	0.0776458	0.108137	0.104776	0.165128	0.212317
955	0.419895	0.262258	0.101087	0.0777521	0.108247	0.102982	0.158914	0.204492
960	0.421409	0.271443	0.104535	0.0780569	0.108399	0.101833	0.153084	0.196273
965	0.419904	0.277522	0.107445	0.0779573	0.108444	0.100485	0.14693	0.188183
970	0.4188	0.28218	0.110997	0.0785005	0.108981	0.0995396	0.141825	0.181074
975	0.422355	0.289636	0.11517	0.0787184	0.109136	0.0989928	0.13647	0.173339
980	0.424564	0.297302	0.118911	0.0791955	0.109405	0.098248	0.131826	0.166943
985	0.428783	0.307496	0.12417	0.0798616	0.109568	0.0980075	0.127389	0.160045
990	0.429938	0.316165	0.128542	0.0803574	0.109699	0.0973565	0.123153	0.154191
995	0.432535	0.326602	0.13477	0.0813844	0.109986	0.0972567	0.119416	0.148124
1000	0.432253	0.335185	0.140019	0.0820592	0.110163	0.0967194	0.115674	0.142905
1005	0.433447	0.345376	0.147305	0.0833789	0.11057	0.0966979	0.112421	0.137499
1010	0.431419	0.353315	0.153607	0.0843898	0.110936	0.0962708	0.10921	0.132988
1015	0.430795	0.362482	0.161984	0.0859375	0.111479	0.0963213	0.106191	0.12804
1020	0.426018	0.368292	0.169735	0.0875119	0.11224	0.0960936	0.103496	0.124116
1025	0.421516	0.37264	0.178889	0.0891907	0.11299	0.0963309	0.100589	0.119584
1030	0.415229	0.37361	0.188775	0.0915932	0.114128	0.0967383	0.0986199	0.116144
1035	0.411124	0.374468	0.198385	0.093521	0.114743	0.0971144	0.0964388	0.112804
1040	0.41077	0.37915	0.210337	0.0966396	0.115664	0.0977307	0.0948936	0.109747
1045	0.4086	0.383382	0.221462	0.0996377	0.116564	0.0979539	0.09332	0.107352
1050	0.407716	0.388678	0.233675	0.102981	0.117481	0.0984469	0.0914182	0.104401
1055	0.406228	0.393979	0.247489	0.107692	0.118994	0.099121	0.090059	0.101894
1060	0.402385	0.397068	0.260073	0.112287	0.120467	0.0996969	0.0884299	0.0995902
1065	0.399772	0.400478	0.273423	0.117797	0.122174	0.100776	0.086628	0.0967462
1070	0.396769	0.403589	0.287641	0.125178	0.124587	0.102274	0.0853023	0.0941544
1075	0.391383	0.404317	0.299598	0.133119	0.12716	0.104111	0.083939	0.0916966
1080	0.386116	0.403998	0.30929	0.142093	0.129776	0.106926	0.0827015	0.0888588
1085	0.381127	0.402909	0.316832	0.153504	0.132422	0.110709	0.0827118	0.0865787
1090	0.37434	0.39913	0.318578	0.166223	0.134123	0.114361	0.0840629	0.0857929
1095	0.367391	0.393769	0.310748	0.177517	0.134718	0.117287	0.0855582	0.0857024
1100	0.363426	0.39053	0.292715	0.184009	0.135538	0.120432	0.0868011	0.0852212
1105	0.36166	0.389968	0.266799	0.180465	0.137056	0.124695	0.0888469	0.0848026
1110	0.359362	0.38983	0.238587	0.164002	0.137885	0.129701	0.0929606	0.0858721
1115	0.355726	0.38876	0.216063	0.141542	0.135945	0.133449	0.099467	0.0897998
1120	0.351788	0.387079	0.205009	0.123949	0.131182	0.133622	0.106343	0.0961633
1125	0.348352	0.38541	0.205787	0.115702	0.126446	0.130815	0.110806	0.10233
1130	0.345079	0.383666	0.214826	0.11555	0.12395	0.127485	0.112647	0.106651
1135	0.341132	0.381229	0.227739	0.120674	0.123637	0.124961	0.113128	0.109388
1140	0.336082	0.377555	0.241248	0.128646	0.124621	0.123432	0.113147	0.111209
1145	0.330163	0.372495	0.253626	0.137915	0.126227	0.122763	0.113131	0.11256
1150	0.324158	0.366475	0.264332	0.147709	0.128135	0.122743	0.113321	0.113765
1155	0.319193	0.360708	0.2734	0.157711	0.130267	0.123085	0.113818	0.115091
1160	0.315954	0.356493	0.281013	0.167753	0.132729	0.123542	0.114517	0.116634
1165	0.313917	0.353854	0.287298	0.177629	0.135724	0.124119	0.115244	0.118269
1170	0.312101	0.351902	0.292323	0.187071	0.139321	0.124968	0.116002	0.1199
1175	0.309946	0.349922	0.296139	0.195788	0.143414	0.126153	0.116879	0.121561
1180	0.307302	0.347602	0.298823	0.203528	0.147891	0.12765	0.117915	0.123304
1185	0.304194	0.344841	0.300487	0.210118	0.152688	0.129428	0.119108	0.125147
1190	0.300675	0.341592	0.301266	0.215474	0.157772	0.131482	0.12045	0.127099
1195	0.296804	0.337805	0.30131	0.219595	0.163105	0.133819	0.121937	0.12916
1200	0.292703	0.33347	0.300755	0.222542	0.16862	0.136441	0.123564	0.131334
1205	0.288706	0.328833	0.299724	0.224418	0.174191	0.139354	0.125317	0.133624
1210	0.285372	0.324561	0.298325	0.225355	0.179633	0.142581	0.127181	0.13602
1215	0.283001	0.321269	0.296644	0.225485	0.184764	0.146196	0.129176	0.138523
1220	0.28127	0.318884	0.294748	0.224946	0.189452	0.150309	0.131372	0.141162
1225	0.279665	0.316913	0.292693	0.22386	0.193564	0.155004	0.133838	0.14398
1230	0.277904	0.31497	0.290527	0.222336	0.19692	0.160316	0.136608	0.147009
1235	0.27591	0.312858	0.288278	0.220468	0.199338	0.166264	0.139701	0.150272
1240	0.273687	0.310481	0.285966	0.218329	0.200687	0.172855	0.143135	0.15378
1245	0.271283	0.307791	0.2836	0.215981	0.200917	0.180032	0.146925	0.157543
1250	0.268841	0.304852	0.281179	0.213482	0.200058	0.187633	0.151081	0.161564
1255	0.266637	0.301956	0.278689	0.210883	0.198226	0.19536	0.155612	0.165851
1260	0.264892	0.299481	0.276123	0.208246	0.195647	0.202811	0.160555	0.170441
1265	0.263476	0.297511	0.273488	0.205644	0.192607	0.209556	0.165993	0.175429
1270	0.26203	0.29579	0.270811	0.203158	0.189371	0.21505	0.172013	0.180933
1275	0.260317	0.294048	0.268169	0.200863	0.186126	0.218567	0.178655	0.187073
1280	0.258347	0.292175	0.265673	0.198801	0.183003	0.219461	0.185913	0.193958
1285	0.256327	0.290227	0.263446	0.196946	0.180077	0.217498	0.193689	0.201654
1290	0.254583	0.288384	0.261558	0.195189	0.177357	0.213033	0.201714	0.210109
1295	0.253427	0.286891	0.259966	0.193363	0.174791	0.206907	0.209448	0.219075
1300	0.252917	0.285875	0.258466	0.191317	0.172305	0.200042	0.216062	0.22811
1305	0.252679	0.285139	0.256751	0.189019	0.169864	0.192974	0.220498	0.23664
1310	0.25211	0.284262	0.254584	0.186634	0.167514	0.185777	0.221625	0.244048
1315	0.250814	0.282947	0.252005	0.184479	0.165393	0.178415	0.218681	0.24974
1320	0.248946	0.28129	0.249425	0.182806	0.16365	0.171153	0.211783	0.253082
1325	0.24721	0.279779	0.247411	0.181571	0.162331	0.164666	0.201941	0.253185
1330	0.246367	0.278936	0.246217	0.180363	0.161284	0.159634	0.190491	0.24888
1335	0.246505	0.278804	0.245405	0.1787	0.160257	0.156161	0.178437	0.239346
1340	0.246782	0.278781	0.244067	0.176503	0.159104	0.153576	0.166454	0.225106
1345	0.246117	0.278125	0.241698	0.174296	0.157949	0.150984	0.155254	0.20831
1350	0.244372	0.276779	0.238916	0.172727	0.157087	0.14818	0.1457	0.191532
1355	0.242731	0.275587	0.237027	0.17178	0.156634	0.145911	0.138366	0.176204
1360	0.242466	0.275418	0.236475	0.170631	0.15635	0.144979	0.133065	0.162434
1365	0.243195	0.275975	0.235975	0.168603	0.155878	0.145102	0.128994	0.150125
1370	0.243078	0.275927	0.233924	0.166176	0.155223	0.145064	0.125529	0.139755
1375	0.241308	0.274697	0.230799	0.164496	0.154772	0.144299	0.122818	0.131909
1380	0.239596	0.273534	0.228902	0.16364	0.154736	0.143769	0.121411	0.12642
1385	0.239821	0.273834	0.228919	0.16227	0.15478	0.144581	0.121235	0.122376
1390	0.240836	0.274786	0.228302	0.159689	0.15454	0.146123	0.121408	0.119026
1395	0.240021	0.274394	0.225164	0.157227	0.15424	0.146881	0.121354	0.116455
1400	0.237903	0.27296	0.222012	0.156068	0.154321	0.14701	0.121691	0.115187
1405	0.237633	0.272925	0.221771	0.154859	0.154628	0.148221	0.123202	0.115109
1410	0.239117	0.274417	0.221854	0.151984	0.154695	0.150674	0.125305	0.115283
1415	0.238763	0.274573	0.21837	0.148937	0.154697	0.15249	0.12685	0.115243
1420	0.23663	0.273129	0.21432	0.147566	0.155082	0.153392	0.128311	0.115874
1425	0.236763	0.273452	0.214328	0.145864	0.155616	0.155471	0.131119	0.117814
1430	0.238639	0.275577	0.214097	0.141899	0.155957	0.158986	0.134709	0.119833
1435	0.237844	0.275602	0.208591	0.138471	0.15653	0.161652	0.137406	0.121026
1440	0.236108	0.274371	0.204306	0.136956	0.157451	0.163647	0.140164	0.123108
1445	0.237805	0.276301	0.205369	0.133257	0.158263	0.167628	0.145072	0.127
1450	0.239432	0.279023	0.201758	0.127421	0.159387	0.172893	0.150554	0.130166
1455	0.237751	0.278306	0.19232	0.124358	0.161206	0.176875	0.154625	0.132315
1460	0.238319	0.279139	0.190345	0.120765	0.162845	0.18169	0.160606	0.137365
1465	0.241856	0.284674	0.189285	0.112056	0.165141	0.190368	0.170551	0.144182
1470	0.242107	0.287604	0.173449	0.105703	0.169752	0.200211	0.179763	0.148027
1475	0.242901	0.289296	0.159832	0.101068	0.174723	0.210573	0.189967	0.154604
1480	0.250493	0.303986	0.156632	0.0855891	0.183055	0.232499	0.214998	0.171365
1485	0.266915	0.377481	0.189597	0.0608461	0.203346	0.288367	0.289996	0.213898
1490	0.262027	0.406694	0.452758	0.0314118	0.148511	0.242563	0.321565	0.310344
1495	0.261689	0.395431	0.397314	0.0302357	0.161582	0.255149	0.32027	0.298064
1500	0.265483	0.426671	0.720999	0.0408324	0.146553	0.259653	0.391689	0.436682
1505	0.259278	0.412217	0.709039	0.116598	0.114685	0.22611	0.383485	0.518907
1510	0.252051	0.383026	0.598813	0.169271	0.082784	0.181175	0.31689	0.45498
1515	0.24367	0.363593	0.559276	0.195551	0.0652317	0.152854	0.275162	0.396736
1520	0.239264	0.353423	0.527829	0.20609	0.0585857	0.139899	0.252823	0.357767
1525	0.239832	0.346716	0.508836	0.225311	0.0535737	0.130258	0.235339	0.331951
1530	0.237961	0.343555	0.507189	0.245647	0.0499087	0.122787	0.22609	0.31871
1535	0.240659	0.345906	0.494054	0.26429	0.0485134	0.119825	0.220485	0.308074
1540	0.245462	0.349873	0.488485	0.290144	0.045613	0.115635	0.214692	0.302331
1545	0.246486	0.354899	0.484381	0.309646	0.0429525	0.112185	0.213346	0.301955
1550	0.252047	0.361866	0.47248	0.329358	0.0400236	0.109854	0.210991	0.300183
1555	0.253709	0.364989	0.469167	0.348817	0.0350191	0.104051	0.206721	0.298965
1560	0.253212	0.366798	0.460036	0.360331	0.0307788	0.0991932	0.20346	0.295601
1565	0.255778	0.367485	0.452023	0.375014	0.0257124	0.0929362	0.196177	0.287749
1570	0.25175	0.363824	0.447511	0.382996	0.0208884	0.0850444	0.188936	0.279183
1575	0.251675	0.361987	0.437696	0.390064	0.0172959	0.0789102	0.181278	0.267525
1580	0.249523	0.357456	0.433811	0.397319	0.0138306	0.0706933	0.171445	0.254962
1585	0.245288	0.352776	0.426379	0.398703	0.0120521	0.0640018	0.163831	0.242886
1590	0.245723	0.349801	0.420632	0.404234	0.0112592	0.0574196	0.1544	0.229516
1595	0.240127	0.343733	0.416373	0.403973	0.011686	0.050402	0.14624	0.217903
1600	0.240136	0.341373	0.409472	0.406076	0.0137087	0.0453712	0.138669	0.206065
