100 nm


lambda, Y
300, 0.106084
305, 0.100343
310, 0.110329
315, 0.103104
320, 0.116126
325, 0.107466
330, 0.115412
335, 0.11865
340, 0.123125
345, 0.119828
350, 0.126248
355, 0.126401
360, 0.131163
365, 0.133256
370, 0.143497
375, 0.155494
380, 0.16833
385, 0.177623
390, 0.186583
395, 0.194689
400, 0.198144
405, 0.196908
410, 0.200008
415, 0.205779
420, 0.21498
425, 0.216862
430, 0.179377
435, 0.17144
440, 0.165886
445, 0.164783
450, 0.164049
455, 0.165338
460, 0.167366
465, 0.169335
470, 0.171125
475, 0.173673
480, 0.177733
485, 0.183124
490, 0.18681
495, 0.187571
500, 0.184201
505, 0.177733
510, 0.170031
515, 0.162075
520, 0.154925
525, 0.148783
530, 0.143129
535, 0.138015
540, 0.133709
545, 0.129902
550, 0.126394
555, 0.123187
560, 0.12048
565, 0.117594
570, 0.113613
575, 0.11164
580, 0.109965
585, 0.109769
590, 0.109425
595, 0.109293
600, 0.109776
605, 0.110738
610, 0.11217
615, 0.113795
620, 0.115072
625, 0.115732
630, 0.115913
635, 0.116466
640, 0.117259
645, 0.117823
650, 0.116051
655, 0.112091
660, 0.106385
665, 0.0999254
670, 0.0922424
675, 0.0857884
680, 0.0814821
685, 0.080094
690, 0.0825387
695, 0.0884128
700, 0.0959402
705, 0.103133
710, 0.108766
715, 0.112525
720, 0.114593
725, 0.115156
730, 0.114308
735, 0.112645
740, 0.111248
745, 0.109765
750, 0.107333
755, 0.105662
760, 0.103925
765, 0.101939
770, 0.100706
775, 0.0988302
780, 0.096655
785, 0.0856202
790, 0.0687658
795, 0.0606581
800, 0.0565264
805, 0.0545141
810, 0.0538551
815, 0.0547018
820, 0.0582845
825, 0.0648872
830, 0.0672691
835, 0.0598699
840, 0.0523216
845, 0.0483244
850, 0.0470955
855, 0.0466995
860, 0.0434408
865, 0.0388327
870, 0.0356955
875, 0.0337505
880, 0.032453
885, 0.031556
890, 0.0309687
895, 0.0306685
900, 0.0306704
905, 0.0306909
910, 0.029958
915, 0.0289003
920, 0.0280168
925, 0.0270146
930, 0.0261499
935, 0.0259389
940, 0.0257572
945, 0.0253919
950, 0.0260308
955, 0.0271794
960, 0.0286724
965, 0.0304461
970, 0.0291857
975, 0.0269507
980, 0.0248442
985, 0.0232195
990, 0.0223922
995, 0.0214826
1000, 0.0213124
1005, 0.0210249
1010, 0.0214242
1015, 0.0222532
1020, 0.0236378
1025, 0.0258491
1030, 0.0263325
1035, 0.0252872
1040, 0.0226654
1045, 0.0203523
1050, 0.0191131
1055, 0.0177785
1060, 0.0170657
1065, 0.0170244
1070, 0.0168171
1075, 0.0170515
1080, 0.0182229
1085, 0.0196977
1090, 0.0209007
1095, 0.0212292
1100, 0.020172
1105, 0.0182232
1110, 0.0162318
1115, 0.0147695
1120, 0.0139935
1125, 0.0137144
1130, 0.0136963
1135, 0.0138977
1140, 0.0144562
1145, 0.0154593
1150, 0.0166151
1155, 0.0171353
1160, 0.0164736
1165, 0.0150609
1170, 0.0136259
1175, 0.0125225
1180, 0.0118205
1185, 0.0115128
1190, 0.0115971
1195, 0.0120707
1200, 0.0128504
1205, 0.0136217
1210, 0.0138452
1215, 0.0132437
1220, 0.0121598
1225, 0.011109
1230, 0.0103656
1235, 0.00999997
1240, 0.0100034
1245, 0.0103173
1250, 0.010774
1255, 0.0110512
1260, 0.010854
1265, 0.0102264
1270, 0.00947585
1275, 0.00885288
1280, 0.0084522
1285, 0.00826294
1290, 0.00819239
1295, 0.00808106
1300, 0.0078105
1305, 0.00742087
1310, 0.00702933
1315, 0.0066865
1320, 0.00636172
1325, 0.00600961
1330, 0.00563769
1335, 0.00531157
1340, 0.00506254
1345, 0.0048231
1350, 0.00450681
1355, 0.00413875
1360, 0.00385119
1365, 0.00372412
1370, 0.00366549
1375, 0.00352068
1380, 0.00329723
1385, 0.00316757
1390, 0.00319315
1395, 0.00319878
1400, 0.00306052
1405, 0.0029403
1410, 0.00299707
1415, 0.00306648
1420, 0.00297396
1425, 0.00290706
1430, 0.00303145
1435, 0.00311723
1440, 0.0030498
1445, 0.00311474
1450, 0.00333069
1455, 0.00339574
1460, 0.00345478
1465, 0.00376507
1470, 0.00403873
1475, 0.00423815
1480, 0.00481977
1485, 0.00613074
1490, 0.0070321
1495, 0.00763087
1500, 0.00974798
1505, 0.0114711
1510, 0.0128083
1515, 0.0142863
1520, 0.0156901
1525, 0.0173735
1530, 0.0188875
1535, 0.019777
1540, 0.0202404
1545, 0.0196937
1550, 0.0184535
1555, 0.0169132
1560, 0.0148914
1565, 0.0131395
1570, 0.0114138
1575, 0.00983395
1580, 0.0086772
1585, 0.00744376
1590, 0.00663863
1595, 0.00583133
1600, 0.00516045

150 nm


lambda, Y
300, 0.147546
305, 0.145837
310, 0.152895
315, 0.148715
320, 0.155496
325, 0.149222
330, 0.152728
335, 0.151647
340, 0.152382
345, 0.149355
350, 0.149385
355, 0.146658
360, 0.147941
365, 0.14731
370, 0.154755
375, 0.165149
380, 0.175481
385, 0.184053
390, 0.192821
395, 0.200562
400, 0.204819
405, 0.206651
410, 0.212856
415, 0.221262
420, 0.23239
425, 0.246591
430, 0.211833
435, 0.204152
440, 0.194052
445, 0.186243
450, 0.180565
455, 0.177686
460, 0.175963
465, 0.174356
470, 0.173063
475, 0.172526
480, 0.17244
485, 0.174486
490, 0.178936
495, 0.187567
500, 0.198623
505, 0.203579
510, 0.196089
515, 0.181613
520, 0.168247
525, 0.157455
530, 0.149322
535, 0.14234
540, 0.136409
545, 0.131176
550, 0.126321
555, 0.121637
560, 0.117097
565, 0.112639
570, 0.107266
575, 0.103264
580, 0.0998905
585, 0.0976922
590, 0.0950924
595, 0.0926395
600, 0.0908104
605, 0.0896536
610, 0.0893626
615, 0.089985
620, 0.0914122
625, 0.0937372
630, 0.0970426
635, 0.101193
640, 0.106409
645, 0.113048
650, 0.11874
655, 0.123044
660, 0.123271
665, 0.118843
670, 0.108649
675, 0.0949585
680, 0.0811631
685, 0.0700721
690, 0.0632203
695, 0.0606313
700, 0.0613948
705, 0.0643617
710, 0.0685402
715, 0.0732268
720, 0.0779726
725, 0.0824016
730, 0.0860788
735, 0.0889005
740, 0.0915009
745, 0.0938869
750, 0.0951044
755, 0.0963009
760, 0.0972993
765, 0.0974757
770, 0.0980773
775, 0.0976515
780, 0.0966595
785, 0.0858306
790, 0.0666105
795, 0.0566374
800, 0.0510383
805, 0.0476933
810, 0.045669
815, 0.0448536
820, 0.0461059
825, 0.0501595
830, 0.0529094
835, 0.048703
840, 0.0432264
845, 0.0399008
850, 0.038548
855, 0.0380454
860, 0.0359243
865, 0.0328126
870, 0.0305488
875, 0.029068
880, 0.0280545
885, 0.0273655
890, 0.0269683
895, 0.0268828
900, 0.0271235
905, 0.0273436
910, 0.0268009
915, 0.0259955
920, 0.0254828
925, 0.024961
930, 0.0244577
935, 0.0245125
940, 0.0248015
945, 0.024899
950, 0.0258629
955, 0.0276186
960, 0.0296431
965, 0.0317798
970, 0.0309259
975, 0.0289432
980, 0.027399
985, 0.0261402
990, 0.0258661
995, 0.0253629
1000, 0.0257719
1005, 0.0259413
1010, 0.0270463
1015, 0.0284897
1020, 0.0308232
1025, 0.0337546
1030, 0.0346031
1035, 0.0334408
1040, 0.0305746
1045, 0.028308
1050, 0.0270931
1055, 0.0258337
1060, 0.0253584
1065, 0.025486
1070, 0.0254692
1075, 0.0260757
1080, 0.0276701
1085, 0.0295172
1090, 0.0309551
1095, 0.0311364
1100, 0.0295912
1105, 0.0271252
1110, 0.0247612
1115, 0.0230854
1120, 0.0221852
1125, 0.0218035
1130, 0.0216908
1135, 0.021835
1140, 0.0223959
1145, 0.0234242
1150, 0.0245017
1155, 0.0247227
1160, 0.0236337
1165, 0.0218444
1170, 0.0201265
1175, 0.0188046
1180, 0.0179244
1185, 0.0174671
1190, 0.0174221
1195, 0.0177723
1200, 0.0184007
1205, 0.0189433
1210, 0.01886
1215, 0.0179725
1220, 0.0166977
1225, 0.0155273
1230, 0.0146899
1235, 0.0142307
1240, 0.0141278
1245, 0.0143097
1250, 0.0145934
1255, 0.0146635
1260, 0.0142817
1265, 0.0135447
1270, 0.0127427
1275, 0.012078
1280, 0.011614
1285, 0.0113286
1290, 0.0111335
1295, 0.0108943
1300, 0.0105351
1305, 0.0101126
1310, 0.00971463
1315, 0.00935107
1320, 0.00897436
1325, 0.00855466
1330, 0.00813436
1335, 0.0077977
1340, 0.00755761
1345, 0.00731319
1350, 0.00696732
1355, 0.00656699
1360, 0.00627131
1365, 0.0061543
1370, 0.00608826
1375, 0.00590445
1380, 0.00564357
1385, 0.00550829
1390, 0.0055364
1395, 0.00551523
1400, 0.00533939
1405, 0.00521352
1410, 0.00528162
1415, 0.005338
1420, 0.00522744
1425, 0.00517529
1430, 0.00532572
1435, 0.0054279
1440, 0.00539262
1445, 0.00551455
1450, 0.00581869
1455, 0.00601698
1460, 0.00622244
1465, 0.00678314
1470, 0.00759465
1475, 0.00850038
1480, 0.0105348
1485, 0.0194832
1490, 0.0175258
1495, 0.0197444
1500, 0.0252985
1505, 0.0260609
1510, 0.0248541
1515, 0.0256418
1520, 0.0271528
1525, 0.0290402
1530, 0.0313243
1535, 0.0325358
1540, 0.0329843
1545, 0.0319596
1550, 0.0294394
1555, 0.0264907
1560, 0.0227822
1565, 0.0195385
1570, 0.0165366
1575, 0.0138654
1580, 0.0119264
1585, 0.0100067
1590, 0.00873651
1595, 0.00752664
1600, 0.00656357

200 nm


lambda, Y
300, 0.155465
305, 0.161308
310, 0.169764
315, 0.172467
320, 0.17945
325, 0.18007
330, 0.185168
335, 0.187849
340, 0.19073
345, 0.1908
350, 0.190932
355, 0.188717
360, 0.188597
365, 0.187889
370, 0.19345
375, 0.201405
380, 0.208003
385, 0.211476
390, 0.216508
395, 0.222555
400, 0.218725
405, 0.211085
410, 0.210698
415, 0.217171
420, 0.226647
425, 0.222698
430, 0.202165
435, 0.197608
440, 0.19909
445, 0.204699
450, 0.209078
455, 0.211371
460, 0.211501
465, 0.210249
470, 0.20809
475, 0.205608
480, 0.202522
485, 0.201937
490, 0.202727
495, 0.205416
500, 0.210561
505, 0.218464
510, 0.22093
515, 0.206865
520, 0.188333
525, 0.173698
530, 0.162083
535, 0.152316
540, 0.144391
545, 0.137836
550, 0.13227
555, 0.127445
560, 0.12293
565, 0.118306
570, 0.113137
575, 0.108152
580, 0.104477
585, 0.101663
590, 0.0989843
595, 0.096729
600, 0.0949514
605, 0.0934399
610, 0.0920409
615, 0.090589
620, 0.0889601
625, 0.0875064
630, 0.0869563
635, 0.0870638
640, 0.0876694
645, 0.0899117
650, 0.0924413
655, 0.0969243
660, 0.102551
665, 0.110956
670, 0.120123
675, 0.127311
680, 0.127141
685, 0.116533
690, 0.101349
695, 0.0889972
700, 0.0814203
705, 0.077433
710, 0.075644
715, 0.075226
720, 0.0757755
725, 0.0767009
730, 0.0755787
735, 0.0697924
740, 0.065042
745, 0.0636818
750, 0.0633367
755, 0.0633933
760, 0.0635832
765, 0.06329
770, 0.0630804
775, 0.0619672
780, 0.0600006
785, 0.0520407
790, 0.039942
795, 0.0334424
800, 0.0305698
805, 0.0318905
810, 0.0335019
815, 0.0323965
820, 0.0305046
825, 0.0287939
830, 0.0273271
835, 0.026028
840, 0.0248669
845, 0.0238369
850, 0.0229246
855, 0.0221096
860, 0.0213718
865, 0.0206952
870, 0.0200691
875, 0.019488
880, 0.0189509
885, 0.0184604
890, 0.0180163
895, 0.0176024
900, 0.0171809
905, 0.0167231
910, 0.0162736
915, 0.0159414
920, 0.0157198
925, 0.0154057
930, 0.0149792
935, 0.0147643
940, 0.0146601
945, 0.0142809
950, 0.014102
955, 0.0140984
960, 0.0137363
965, 0.0138012
970, 0.0136742
975, 0.0135617
980, 0.013724
985, 0.0135312
990, 0.0138719
995, 0.0137194
1000, 0.0141832
1005, 0.014148
1010, 0.0147022
1015, 0.01491
1020, 0.0154625
1025, 0.016132
1030, 0.0166258
1035, 0.0178329
1040, 0.0186598
1045, 0.0200625
1050, 0.0219542
1055, 0.023766
1060, 0.0265813
1065, 0.030265
1070, 0.0345334
1075, 0.0404882
1080, 0.0486933
1085, 0.059085
1090, 0.0723255
1095, 0.0889126
1100, 0.107357
1105, 0.123874
1110, 0.133897
1115, 0.134849
1120, 0.127834
1125, 0.116246
1130, 0.103306
1135, 0.0910068
1140, 0.0802487
1145, 0.0712384
1150, 0.0638213
1155, 0.0576988
1160, 0.0525684
1165, 0.0481904
1170, 0.0443983
1175, 0.0410822
1180, 0.0381673
1185, 0.0355961
1190, 0.0333201
1195, 0.031297
1200, 0.029489
1205, 0.0278638
1210, 0.0263944
1215, 0.0250585
1220, 0.0238386
1225, 0.0227209
1230, 0.0216954
1235, 0.0207543
1240, 0.0198916
1245, 0.0191025
1250, 0.0183814
1255, 0.0177205
1260, 0.0171084
1265, 0.0165294
1270, 0.0159651
1275, 0.0153994
1280, 0.0148253
1285, 0.0142523
1290, 0.0137083
1295, 0.0132313
1300, 0.0128485
1305, 0.0125533
1310, 0.0122952
1315, 0.0120019
1320, 0.0116294
1325, 0.0112075
1330, 0.0108304
1335, 0.0105802
1340, 0.0104379
1345, 0.0102834
1350, 0.0100145
1355, 0.00967392
1360, 0.00941586
1365, 0.00931413
1370, 0.00924848
1375, 0.0090597
1380, 0.00878747
1385, 0.00862345
1390, 0.00860856
1395, 0.00855726
1400, 0.00837171
1405, 0.00821842
1410, 0.0082291
1415, 0.00826014
1420, 0.00817107
1425, 0.00809475
1430, 0.0081797
1435, 0.00831625
1440, 0.00835512
1445, 0.00841359
1450, 0.00872229
1455, 0.00915723
1460, 0.00940526
1465, 0.00994132
1470, 0.0114363
1475, 0.0129716
1480, 0.0154058
1485, 0.0334936
1490, 0.019691
1495, 0.0264952
1500, 0.0270791
1505, 0.0157633
1510, 0.00925581
1515, 0.00750069
1520, 0.00658096
1525, 0.00595411
1530, 0.00568563
1535, 0.00523296
1540, 0.00495491
1545, 0.0046638
1550, 0.0043072
1555, 0.0041514
1560, 0.00381497
1565, 0.00365758
1570, 0.00347095
1575, 0.00322829
1580, 0.00317868
1585, 0.00292325
1590, 0.00287948
1595, 0.00272623
1600, 0.00259657

250 nm


lambda, Y
300, 0.15925
305, 0.159284
310, 0.161828
315, 0.161444
320, 0.166527
325, 0.167022
330, 0.172091
335, 0.177887
340, 0.182931
345, 0.184929
350, 0.189704
355, 0.191513
360, 0.194597
365, 0.200037
370, 0.210133
375, 0.22093
380, 0.229762
385, 0.233454
390, 0.237166
395, 0.245061
400, 0.244535
405, 0.232568
410, 0.222221
415, 0.2193
420, 0.223991
425, 0.221165
430, 0.204788
435, 0.199539
440, 0.191925
445, 0.189034
450, 0.191799
455, 0.199516
460, 0.210254
465, 0.222078
470, 0.232474
475, 0.23849
480, 0.239153
485, 0.235434
490, 0.229261
495, 0.224389
500, 0.223644
505, 0.22999
510, 0.244024
515, 0.243987
520, 0.221309
525, 0.208648
530, 0.204088
535, 0.201404
540, 0.196912
545, 0.18892
550, 0.177904
555, 0.165658
560, 0.153766
565, 0.14259
570, 0.13253
575, 0.124202
580, 0.117632
585, 0.112465
590, 0.108307
595, 0.104873
600, 0.102032
605, 0.0996471
610, 0.0976747
615, 0.0960678
620, 0.0947756
625, 0.0938999
630, 0.0936517
635, 0.0936952
640, 0.0937992
645, 0.0950944
650, 0.096439
655, 0.0990083
660, 0.101996
665, 0.106887
670, 0.112365
675, 0.117662
680, 0.119865
685, 0.116875
690, 0.11503
695, 0.118524
700, 0.118874
705, 0.109541
710, 0.0967131
715, 0.0865019
720, 0.0799065
725, 0.0760521
730, 0.0731783
735, 0.0685461
740, 0.0642517
745, 0.0622151
750, 0.0612821
755, 0.0608391
760, 0.0606976
765, 0.0605946
770, 0.0606493
775, 0.0604338
780, 0.0596497
785, 0.0538574
790, 0.042455
795, 0.0357077
800, 0.0327014
805, 0.0332545
810, 0.0338874
815, 0.0323985
820, 0.0303456
825, 0.0285066
830, 0.0269197
835, 0.0255261
840, 0.0243037
845, 0.0232402
850, 0.0223139
855, 0.021498
860, 0.0207686
865, 0.0201081
870, 0.0195061
875, 0.0189573
880, 0.0184582
885, 0.0180021
890, 0.0175713
895, 0.0171381
900, 0.0166829
905, 0.0162253
910, 0.0158251
915, 0.0155112
920, 0.0152075
925, 0.0148234
930, 0.0144389
935, 0.0141839
940, 0.0139231
945, 0.013547
950, 0.0133038
955, 0.0130995
960, 0.0127429
965, 0.0125955
970, 0.0123399
975, 0.0120971
980, 0.0119892
985, 0.0116886
990, 0.0116702
995, 0.0113723
1000, 0.0114143
1005, 0.0111505
1010, 0.0112423
1015, 0.011069
1020, 0.0111571
1025, 0.0112094
1030, 0.0112153
1035, 0.0115975
1040, 0.0116835
1045, 0.0121979
1050, 0.0128897
1055, 0.0135151
1060, 0.0148516
1065, 0.0166469
1070, 0.0188675
1075, 0.0224992
1080, 0.0280569
1085, 0.0360337
1090, 0.0481365
1095, 0.0664735
1100, 0.0913645
1105, 0.11821
1110, 0.136335
1115, 0.137946
1120, 0.126969
1125, 0.111937
1130, 0.0979198
1135, 0.0864554
1140, 0.0775501
1145, 0.0707578
1150, 0.0655516
1155, 0.0614504
1160, 0.0580752
1165, 0.0551579
1170, 0.0525295
1175, 0.0500881
1180, 0.0477758
1185, 0.0455604
1190, 0.0434232
1195, 0.0413558
1200, 0.0393554
1205, 0.0374236
1210, 0.0355651
1215, 0.0337846
1220, 0.0320874
1225, 0.0304785
1230, 0.0289614
1235, 0.0275391
1240, 0.0262133
1245, 0.0249838
1250, 0.0238488
1255, 0.0228023
1260, 0.0218341
1265, 0.0209282
1270, 0.0200656
1275, 0.0192276
1280, 0.0184041
1285, 0.0176008
1290, 0.0168425
1295, 0.0161656
1300, 0.0155982
1305, 0.0151356
1310, 0.0147284
1315, 0.0143023
1320, 0.0138078
1325, 0.0132696
1330, 0.0127813
1335, 0.012429
1340, 0.0121972
1345, 0.0119625
1350, 0.0116151
1355, 0.0111953
1360, 0.0108653
1365, 0.0107052
1370, 0.010586
1375, 0.0103344
1380, 0.00999618
1385, 0.0097843
1390, 0.00973659
1395, 0.00963527
1400, 0.00938039
1405, 0.00918353
1410, 0.00917912
1415, 0.00915891
1420, 0.00898362
1425, 0.00887464
1430, 0.00895432
1435, 0.00899033
1440, 0.00891396
1445, 0.00897617
1450, 0.00920305
1455, 0.00936788
1460, 0.00952318
1465, 0.0099689
1470, 0.0107196
1475, 0.011492
1480, 0.0130355
1485, 0.0187632
1490, 0.013904
1495, 0.0176915
1500, 0.0228004
1505, 0.0208915
1510, 0.0144954
1515, 0.0118174
1520, 0.0105262
1525, 0.00995335
1530, 0.00972239
1535, 0.0093127
1540, 0.00909369
1545, 0.00870596
1550, 0.00824533
1555, 0.00794376
1560, 0.00737587
1565, 0.00704841
1570, 0.00662333
1575, 0.00617675
1580, 0.00594428
1585, 0.00547089
1590, 0.00528917
1595, 0.00494256
1600, 0.00468694

300 nm


lambda, Y
300, 0.195181
305, 0.196506
310, 0.199937
315, 0.197593
320, 0.202113
325, 0.197587
330, 0.19857
335, 0.200605
340, 0.200783
345, 0.196551
350, 0.198958
355, 0.197442
360, 0.197197
365, 0.201816
370, 0.212268
375, 0.224655
380, 0.237244
385, 0.244724
390, 0.253438
395, 0.264142
400, 0.26645
405, 0.2604
410, 0.255405
415, 0.252408
420, 0.251032
425, 0.23942
430, 0.227188
435, 0.230963
440, 0.226892
445, 0.216748
450, 0.210835
455, 0.210716
460, 0.21414
465, 0.220213
470, 0.229828
475, 0.244402
480, 0.262867
485, 0.280796
490, 0.287541
495, 0.280502
500, 0.268397
505, 0.262064
510, 0.270778
515, 0.289257
520, 0.266944
525, 0.23079
530, 0.212782
535, 0.205613
540, 0.203948
545, 0.205692
550, 0.209884
555, 0.215838
560, 0.222739
565, 0.228318
570, 0.228955
575, 0.224103
580, 0.213183
585, 0.198488
590, 0.182061
595, 0.166192
600, 0.152473
605, 0.141402
610, 0.132942
615, 0.126608
620, 0.121743
625, 0.117985
630, 0.115185
635, 0.113091
640, 0.111524
645, 0.11084
650, 0.110587
655, 0.111417
660, 0.113054
665, 0.116609
670, 0.121508
675, 0.127617
680, 0.133995
685, 0.139799
690, 0.14577
695, 0.153027
700, 0.160534
705, 0.161329
710, 0.145474
715, 0.119563
720, 0.0993904
725, 0.0879801
730, 0.0820291
735, 0.0788826
740, 0.0771265
745, 0.0759439
750, 0.0750889
755, 0.0745075
760, 0.0738489
765, 0.0732865
770, 0.0724809
775, 0.0714086
780, 0.0692776
785, 0.0630951
790, 0.0528214
795, 0.0462494
800, 0.0444927
805, 0.0457037
810, 0.0453386
815, 0.0433272
820, 0.0409229
825, 0.0386103
830, 0.0365153
835, 0.0347309
840, 0.0333924
845, 0.0326165
850, 0.0319417
855, 0.0306881
860, 0.0294898
865, 0.0288196
870, 0.0287225
875, 0.0286849
880, 0.0276987
885, 0.0261151
890, 0.0247511
895, 0.0236953
900, 0.0228081
905, 0.0220313
910, 0.0214022
915, 0.0209222
920, 0.0204642
925, 0.0199089
930, 0.0194564
935, 0.0192226
940, 0.0188764
945, 0.0184695
950, 0.0183332
955, 0.0181162
960, 0.0179439
965, 0.0180062
970, 0.0177092
975, 0.0174383
980, 0.017057
985, 0.0167605
990, 0.0165532
995, 0.0163329
1000, 0.0162495
1005, 0.0161509
1010, 0.0162162
1015, 0.016379
1020, 0.016737
1025, 0.0172868
1030, 0.0175171
1035, 0.0174118
1040, 0.0169464
1045, 0.0167051
1050, 0.0167231
1055, 0.0168267
1060, 0.0173565
1065, 0.0182355
1070, 0.0194658
1075, 0.0215492
1080, 0.024603
1085, 0.0280329
1090, 0.0306684
1095, 0.0319502
1100, 0.0331449
1105, 0.0357205
1110, 0.0398847
1115, 0.0437886
1120, 0.0443301
1125, 0.0410055
1130, 0.0362483
1135, 0.0320332
1140, 0.0289805
1145, 0.0270563
1150, 0.0260266
1155, 0.0255572
1160, 0.0252326
1165, 0.0247945
1170, 0.0243374
1175, 0.0240551
1180, 0.0240326
1185, 0.0242739
1190, 0.024758
1195, 0.0254574
1200, 0.0263267
1205, 0.0272659
1210, 0.028088
1215, 0.02861
1220, 0.0288321
1225, 0.0288857
1230, 0.0288464
1235, 0.028708
1240, 0.0284385
1245, 0.02801
1250, 0.0273994
1255, 0.0265865
1260, 0.0255804
1265, 0.0244483
1270, 0.0232798
1275, 0.0221263
1280, 0.0210033
1285, 0.01992
1290, 0.0188961
1295, 0.0179603
1300, 0.0171386
1305, 0.0164347
1310, 0.0158132
1315, 0.0152126
1320, 0.0145874
1325, 0.0139522
1330, 0.0133806
1335, 0.0129428
1340, 0.0126265
1345, 0.0123267
1350, 0.0119457
1355, 0.0115112
1360, 0.0111603
1365, 0.0109657
1370, 0.0108175
1375, 0.0105598
1380, 0.0102277
1385, 0.0100114
1390, 0.00994857
1395, 0.00984028
1400, 0.00959204
1405, 0.00940177
1410, 0.00939456
1415, 0.00936701
1420, 0.00919044
1425, 0.00909114
1430, 0.00917388
1435, 0.00919118
1440, 0.00910519
1445, 0.00918874
1450, 0.00940077
1455, 0.00951124
1460, 0.00968502
1465, 0.0101389
1470, 0.0107315
1475, 0.0114291
1480, 0.0128753
1485, 0.0163766
1490, 0.0139641
1495, 0.0169605
1500, 0.0215836
1505, 0.0252528
1510, 0.0263455
1515, 0.027922
1520, 0.0304039
1525, 0.0336984
1530, 0.037293
1535, 0.040079
1540, 0.0417951
1545, 0.0418077
1550, 0.0405148
1555, 0.0384131
1560, 0.0357058
1565, 0.0331123
1570, 0.0304911
1575, 0.0281422
1580, 0.0260881
1585, 0.0241676
1590, 0.0226083
1595, 0.0211416
1600, 0.0199005

350 nm


lambda, Y
300, 0.184426
305, 0.191542
310, 0.202461
315, 0.206106
320, 0.217478
325, 0.216902
330, 0.222118
335, 0.22694
340, 0.22867
345, 0.223753
350, 0.226656
355, 0.223736
360, 0.22113
365, 0.222069
370, 0.228635
375, 0.23761
380, 0.248719
385, 0.255493
390, 0.264371
395, 0.277399
400, 0.280937
405, 0.275914
410, 0.278436
415, 0.289778
420, 0.306268
425, 0.314395
430, 0.266356
435, 0.263399
440, 0.258162
445, 0.251638
450, 0.239764
455, 0.229666
460, 0.223301
465, 0.220347
470, 0.219838
475, 0.221671
480, 0.225643
485, 0.233264
490, 0.245664
495, 0.262254
500, 0.271975
505, 0.264682
510, 0.254671
515, 0.258587
520, 0.262625
525, 0.239976
530, 0.212325
535, 0.193844
540, 0.182462
545, 0.175198
550, 0.170426
555, 0.167287
560, 0.16531
565, 0.164523
570, 0.164204
575, 0.165587
580, 0.168541
585, 0.173161
590, 0.17882
595, 0.186319
600, 0.195621
605, 0.203947
610, 0.204664
615, 0.193608
620, 0.175887
625, 0.158191
630, 0.143615
635, 0.132749
640, 0.12504
645, 0.119358
650, 0.114626
655, 0.11138
660, 0.108913
665, 0.10757
670, 0.107328
675, 0.108449
680, 0.111368
685, 0.11657
690, 0.124433
695, 0.136211
700, 0.153519
705, 0.175689
710, 0.192762
715, 0.177832
720, 0.138077
725, 0.107191
730, 0.0907726
735, 0.0827529
740, 0.0788629
745, 0.0768593
750, 0.0757625
755, 0.0752882
760, 0.0748767
765, 0.0747644
770, 0.0746214
775, 0.0743542
780, 0.0735595
785, 0.0696412
790, 0.0625804
795, 0.0566419
800, 0.0536088
805, 0.0546114
810, 0.0553691
815, 0.0544847
820, 0.0525838
825, 0.0501935
830, 0.0475773
835, 0.0451445
840, 0.0432477
845, 0.0420688
850, 0.0408742
855, 0.0387292
860, 0.0368161
865, 0.0359722
870, 0.0362438
875, 0.0363161
880, 0.0341404
885, 0.0308962
890, 0.0282735
895, 0.0264191
900, 0.0250574
905, 0.0239774
910, 0.0230018
915, 0.0219631
920, 0.02098
925, 0.0200255
930, 0.0192624
935, 0.0188715
940, 0.0184145
945, 0.0178436
950, 0.0176387
955, 0.0173187
960, 0.0169777
965, 0.0169777
970, 0.0166091
975, 0.0164645
980, 0.0161296
985, 0.0159147
990, 0.0157159
995, 0.0155362
1000, 0.0154267
1005, 0.0153612
1010, 0.0153492
1015, 0.0155399
1020, 0.015759
1025, 0.0162813
1030, 0.0164336
1035, 0.0163341
1040, 0.0160285
1045, 0.0157997
1050, 0.0158844
1055, 0.0160826
1060, 0.0165753
1065, 0.0174904
1070, 0.0188383
1075, 0.0209563
1080, 0.0240486
1085, 0.027572
1090, 0.0301968
1095, 0.0314536
1100, 0.0328764
1105, 0.0359668
1110, 0.0406385
1115, 0.044434
1120, 0.0440113
1125, 0.0395736
1130, 0.0340954
1135, 0.0294705
1140, 0.0261097
1145, 0.0238592
1150, 0.0224461
1155, 0.0215453
1160, 0.0207869
1165, 0.0199584
1170, 0.0191348
1175, 0.0184562
1180, 0.0179784
1185, 0.0177013
1190, 0.0176134
1195, 0.0177098
1200, 0.0179859
1205, 0.0184142
1210, 0.0189109
1215, 0.0193702
1220, 0.0197902
1225, 0.0202756
1230, 0.0209243
1235, 0.0217889
1240, 0.0228963
1245, 0.0242483
1250, 0.0257904
1255, 0.0273617
1260, 0.0287271
1265, 0.0297445
1270, 0.0304158
1275, 0.0307404
1280, 0.0306564
1285, 0.0301037
1290, 0.0290797
1295, 0.0276537
1300, 0.0259605
1305, 0.024162
1310, 0.0223749
1315, 0.0206462
1320, 0.0189989
1325, 0.0174809
1330, 0.0161609
1335, 0.0150797
1340, 0.0141996
1345, 0.0134173
1350, 0.012654
1355, 0.0119359
1360, 0.0113608
1365, 0.0109614
1370, 0.0106329
1375, 0.010252
1380, 0.00985022
1385, 0.00957203
1390, 0.0094354
1395, 0.00927843
1400, 0.00902747
1405, 0.00883775
1410, 0.00880851
1415, 0.008778
1420, 0.00863806
1425, 0.00856437
1430, 0.00865432
1435, 0.00871541
1440, 0.00869582
1445, 0.00881663
1450, 0.00908855
1455, 0.00931419
1460, 0.0095806
1465, 0.0101513
1470, 0.0109984
1475, 0.0119869
1480, 0.0139109
1485, 0.0191548
1490, 0.0150753
1495, 0.0186658
1500, 0.0230963
1505, 0.0244749
1510, 0.0228912
1515, 0.022753
1520, 0.0238844
1525, 0.0256721
1530, 0.0277764
1535, 0.0292199
1540, 0.0298604
1545, 0.0292934
1550, 0.0277593
1555, 0.0257012
1560, 0.0232358
1565, 0.0209502
1570, 0.0187134
1575, 0.0167617
1580, 0.0151023
1585, 0.0135843
1590, 0.0124043
1595, 0.0113033
1600, 0.0104225

400 nm


lambda, Y
300, 0.20048
305, 0.198528
310, 0.20281
315, 0.201123
320, 0.208775
325, 0.207517
330, 0.214034
335, 0.220739
340, 0.226891
345, 0.227719
350, 0.235365
355, 0.237771
360, 0.240706
365, 0.24472
370, 0.251686
375, 0.258194
380, 0.264987
385, 0.267668
390, 0.269753
395, 0.276466
400, 0.279149
405, 0.27002
410, 0.263834
415, 0.26682
420, 0.277019
425, 0.28367
430, 0.247296
435, 0.243098
440, 0.238524
445, 0.244257
450, 0.249527
455, 0.247313
460, 0.240466
465, 0.232987
470, 0.226717
475, 0.222827
480, 0.222914
485, 0.227285
490, 0.235536
495, 0.250213
500, 0.272502
505, 0.288322
510, 0.277891
515, 0.265247
520, 0.267793
525, 0.268296
530, 0.250765
535, 0.22658
540, 0.20573
545, 0.189668
550, 0.177449
555, 0.168119
560, 0.160819
565, 0.15493
570, 0.150607
575, 0.14798
580, 0.147657
585, 0.1489
590, 0.151308
595, 0.155217
600, 0.160526
605, 0.167502
610, 0.177128
615, 0.189567
620, 0.202566
625, 0.212104
630, 0.213273
635, 0.202202
640, 0.183691
645, 0.1654
650, 0.148283
655, 0.13451
660, 0.122811
665, 0.114418
670, 0.108996
675, 0.105396
680, 0.103545
685, 0.103766
690, 0.106546
695, 0.112931
700, 0.125004
705, 0.146495
710, 0.181471
715, 0.218713
720, 0.210047
725, 0.159474
730, 0.119721
735, 0.0977478
740, 0.0859645
745, 0.0795899
750, 0.075664
755, 0.0731157
760, 0.071447
765, 0.0700496
770, 0.06901
775, 0.0678737
780, 0.0664055
785, 0.0625389
790, 0.0581178
795, 0.0562383
800, 0.0556061
805, 0.0558701
810, 0.0564417
815, 0.0569807
820, 0.0573385
825, 0.0574683
830, 0.0574483
835, 0.057444
840, 0.0577264
845, 0.0583965
850, 0.0579702
855, 0.0555923
860, 0.0535826
865, 0.0529745
870, 0.0535421
875, 0.0528559
880, 0.0481809
885, 0.0423675
890, 0.0379701
895, 0.0349476
900, 0.0327975
905, 0.0311362
910, 0.0294476
915, 0.0272861
920, 0.0252308
925, 0.0234746
930, 0.022007
935, 0.0210462
940, 0.0201922
945, 0.0191893
950, 0.0185884
955, 0.0179898
960, 0.0172704
965, 0.016993
970, 0.0163957
975, 0.0160815
980, 0.0156562
985, 0.0152911
990, 0.0150216
995, 0.0146996
1000, 0.0145172
1005, 0.0143238
1010, 0.0142001
1015, 0.0142651
1020, 0.0142829
1025, 0.0146807
1030, 0.014687
1035, 0.0146198
1040, 0.0143649
1045, 0.0140731
1050, 0.0141402
1055, 0.0142324
1060, 0.014503
1065, 0.0152188
1070, 0.0162668
1075, 0.0178871
1080, 0.0204325
1085, 0.0235181
1090, 0.0259281
1095, 0.0271333
1100, 0.0284286
1105, 0.0312312
1110, 0.035697
1115, 0.0399017
1120, 0.040583
1125, 0.037279
1130, 0.0325685
1135, 0.0283745
1140, 0.0252034
1145, 0.0229714
1150, 0.021468
1155, 0.0204507
1160, 0.0196452
1165, 0.0188679
1170, 0.0181307
1175, 0.017506
1180, 0.0170213
1185, 0.0166703
1190, 0.016439
1195, 0.0163165
1200, 0.0162951
1205, 0.0163634
1210, 0.0164939
1215, 0.0166499
1220, 0.0168233
1225, 0.017044
1230, 0.0173473
1235, 0.0177608
1240, 0.018309
1245, 0.0190175
1250, 0.019902
1255, 0.0209414
1260, 0.0220741
1265, 0.0232644
1270, 0.0245565
1275, 0.0260232
1280, 0.027713
1285, 0.0296378
1290, 0.0317564
1295, 0.0339302
1300, 0.0359237
1305, 0.0374888
1310, 0.0383844
1315, 0.0383529
1320, 0.0372409
1325, 0.0351557
1330, 0.0324457
1335, 0.0294877
1340, 0.0265047
1345, 0.0235852
1350, 0.0208447
1355, 0.0184673
1360, 0.0165693
1365, 0.0150757
1370, 0.0137958
1375, 0.012629
1380, 0.0116511
1385, 0.0109518
1390, 0.0104474
1395, 0.00995742
1400, 0.00946424
1405, 0.0091245
1410, 0.00896991
1415, 0.00881206
1420, 0.00858138
1425, 0.00847183
1430, 0.0085457
1435, 0.00858274
1440, 0.00854769
1445, 0.00870369
1450, 0.00904701
1455, 0.00930748
1460, 0.00962326
1465, 0.0103852
1470, 0.0114374
1475, 0.0125616
1480, 0.0150951
1485, 0.0233235
1490, 0.0203546
1495, 0.0244087
1500, 0.0327162
1505, 0.033057
1510, 0.0274928
1515, 0.0251891
1520, 0.0249546
1525, 0.0257314
1530, 0.0269978
1535, 0.0277108
1540, 0.0278884
1545, 0.0269511
1550, 0.0252676
1555, 0.0230506
1560, 0.0204447
1565, 0.0181241
1570, 0.0157448
1575, 0.0138323
1580, 0.0121363
1585, 0.0106434
1590, 0.0095521
1595, 0.00844207
1600, 0.00769869

425 nm


lambda, Y
300, 0.215533
305, 0.213119
310, 0.215387
315, 0.212005
320, 0.216862
325, 0.214169
330, 0.218945
335, 0.223652
340, 0.229127
345, 0.230813
350, 0.238393
355, 0.242277
360, 0.24797
365, 0.255035
370, 0.265534
375, 0.274849
380, 0.282933
385, 0.286677
390, 0.288485
395, 0.293592
400, 0.297628
405, 0.290141
410, 0.28033
415, 0.278582
420, 0.286014
425, 0.296307
430, 0.266928
435, 0.261464
440, 0.249909
445, 0.247089
450, 0.253538
455, 0.261564
460, 0.263032
465, 0.258562
470, 0.251645
475, 0.244723
480, 0.239744
485, 0.239087
490, 0.242684
495, 0.251143
500, 0.267311
505, 0.288223
510, 0.290477
515, 0.273156
520, 0.264208
525, 0.265723
530, 0.263963
535, 0.250482
540, 0.23082
545, 0.212272
550, 0.196949
555, 0.184576
560, 0.174373
565, 0.165246
570, 0.157309
575, 0.151167
580, 0.147039
585, 0.144339
590, 0.143052
595, 0.143479
600, 0.145515
605, 0.149046
610, 0.15412
615, 0.160726
620, 0.168623
625, 0.177692
630, 0.187883
635, 0.196294
640, 0.197686
645, 0.192001
650, 0.179684
655, 0.165136
660, 0.148604
665, 0.133486
670, 0.121024
675, 0.112274
680, 0.106968
685, 0.104115
690, 0.103542
695, 0.105899
700, 0.112589
705, 0.126337
710, 0.151906
715, 0.190508
720, 0.21501
725, 0.18551
730, 0.140819
735, 0.1112
740, 0.0943926
745, 0.0850098
750, 0.0791055
755, 0.0750689
760, 0.0723298
765, 0.0698925
770, 0.0680249
775, 0.0659324
780, 0.0637161
785, 0.0593001
790, 0.054704
795, 0.0531563
800, 0.0534493
805, 0.0538324
810, 0.0536147
815, 0.0535014
820, 0.0536235
825, 0.0539288
830, 0.054563
835, 0.055604
840, 0.0573825
845, 0.0600209
850, 0.0615361
855, 0.0606911
860, 0.0602269
865, 0.0614485
870, 0.0639009
875, 0.0638436
880, 0.0578795
885, 0.0505866
890, 0.0452978
895, 0.0417713
900, 0.039286
905, 0.0373608
910, 0.0352599
915, 0.0323882
920, 0.0296371
925, 0.027329
930, 0.0253912
935, 0.0240537
940, 0.022891
945, 0.0215639
950, 0.020688
955, 0.0198656
960, 0.0188796
965, 0.0184089
970, 0.0175972
975, 0.0171019
980, 0.0165398
985, 0.0160111
990, 0.0156459
995, 0.0151757
1000, 0.0149142
1005, 0.014588
1010, 0.0143739
1015, 0.014315
1020, 0.0141851
1025, 0.014464
1030, 0.0143239
1035, 0.0142491
1040, 0.013969
1045, 0.0136258
1050, 0.0136614
1055, 0.0136349
1060, 0.0137475
1065, 0.0142865
1070, 0.0150355
1075, 0.0162139
1080, 0.0182028
1085, 0.0206632
1090, 0.0225845
1095, 0.0235449
1100, 0.024562
1105, 0.0267561
1110, 0.0303145
1115, 0.0338759
1120, 0.0349061
1125, 0.0327575
1130, 0.0292532
1135, 0.0259577
1140, 0.0233751
1145, 0.021504
1150, 0.020211
1155, 0.0193234
1160, 0.0186347
1165, 0.0179924
1170, 0.0173863
1175, 0.016863
1180, 0.0164429
1185, 0.0161213
1190, 0.0158868
1195, 0.015728
1200, 0.0156366
1205, 0.0156056
1210, 0.015626
1215, 0.0156863
1220, 0.0157807
1225, 0.0159149
1230, 0.016099
1235, 0.016344
1240, 0.0166626
1245, 0.0170691
1250, 0.0175753
1255, 0.0181786
1260, 0.0188578
1265, 0.0195992
1270, 0.0204204
1275, 0.0213526
1280, 0.0224205
1285, 0.0236449
1290, 0.0250426
1295, 0.0266095
1300, 0.0283101
1305, 0.0300976
1310, 0.0318894
1315, 0.0335003
1320, 0.0346598
1325, 0.0351317
1330, 0.0348192
1335, 0.0337437
1340, 0.0319284
1345, 0.0294121
1350, 0.0264261
1355, 0.0234101
1360, 0.0207293
1365, 0.0184403
1370, 0.016407
1375, 0.0145824
1380, 0.0130709
1385, 0.0119319
1390, 0.0110479
1395, 0.0102585
1400, 0.00955635
1405, 0.00904355
1410, 0.00871835
1415, 0.00843817
1420, 0.00814477
1425, 0.00796464
1430, 0.0079553
1435, 0.00795664
1440, 0.00790846
1445, 0.00802368
1450, 0.00834052
1455, 0.00859508
1460, 0.00889521
1465, 0.00966319
1470, 0.0106693
1475, 0.0116973
1480, 0.0142558
1485, 0.022279
1490, 0.0236967
1495, 0.0275187
1500, 0.0436253
1505, 0.0503177
1510, 0.041698
1515, 0.0369247
1520, 0.0352216
1525, 0.0356271
1530, 0.0368597
1535, 0.0372718
1540, 0.0372987
1545, 0.035817
1550, 0.0333567
1555, 0.0301975
1560, 0.0264236
1565, 0.0229736
1570, 0.019545
1575, 0.0166969
1580, 0.0142547
1585, 0.0121651
1590, 0.0105728
1595, 0.00913443
1600, 0.00807205

