lambda	100 nm	150 nm	200 nm	250 nm	300 nm	350 nm	400 nm	425 nm
300	0.106084	0.147546	0.155465	0.15925	0.195181	0.184426	0.20048	0.215533
305	0.100343	0.145837	0.161308	0.159284	0.196506	0.191542	0.198528	0.213119
310	0.110329	0.152895	0.169764	0.161828	0.199937	0.202461	0.20281	0.215387
315	0.103104	0.148715	0.172467	0.161444	0.197593	0.206106	0.201123	0.212005
320	0.116126	0.155496	0.17945	0.166527	0.202113	0.217478	0.208775	0.216862
325	0.107466	0.149222	0.18007	0.167022	0.197587	0.216902	0.207517	0.214169
330	0.115412	0.152728	0.185168	0.172091	0.19857	0.222118	0.214034	0.218945
335	0.11865	0.151647	0.187849	0.177887	0.200605	0.22694	0.220739	0.223652
340	0.123125	0.152382	0.19073	0.182931	0.200783	0.22867	0.226891	0.229127
345	0.119828	0.149355	0.1908	0.184929	0.196551	0.223753	0.227719	0.230813
350	0.126248	0.149385	0.190932	0.189704	0.198958	0.226656	0.235365	0.238393
355	0.126401	0.146658	0.188717	0.191513	0.197442	0.223736	0.237771	0.242277
360	0.131163	0.147941	0.188597	0.194597	0.197197	0.22113	0.240706	0.24797
365	0.133256	0.14731	0.187889	0.200037	0.201816	0.222069	0.24472	0.255035
370	0.143497	0.154755	0.19345	0.210133	0.212268	0.228635	0.251686	0.265534
375	0.155494	0.165149	0.201405	0.22093	0.224655	0.23761	0.258194	0.274849
380	0.16833	0.175481	0.208003	0.229762	0.237244	0.248719	0.264987	0.282933
385	0.177623	0.184053	0.211476	0.233454	0.244724	0.255493	0.267668	0.286677
390	0.186583	0.192821	0.216508	0.237166	0.253438	0.264371	0.269753	0.288485
395	0.194689	0.200562	0.222555	0.245061	0.264142	0.277399	0.276466	0.293592
400	0.198144	0.204819	0.218725	0.244535	0.26645	0.280937	0.279149	0.297628
405	0.196908	0.206651	0.211085	0.232568	0.2604	0.275914	0.27002	0.290141
410	0.200008	0.212856	0.210698	0.222221	0.255405	0.278436	0.263834	0.28033
415	0.205779	0.221262	0.217171	0.2193	0.252408	0.289778	0.26682	0.278582
420	0.21498	0.23239	0.226647	0.223991	0.251032	0.306268	0.277019	0.286014
425	0.216862	0.246591	0.222698	0.221165	0.23942	0.314395	0.28367	0.296307
430	0.179377	0.211833	0.202165	0.204788	0.227188	0.266356	0.247296	0.266928
435	0.17144	0.204152	0.197608	0.199539	0.230963	0.263399	0.243098	0.261464
440	0.165886	0.194052	0.19909	0.191925	0.226892	0.258162	0.238524	0.249909
445	0.164783	0.186243	0.204699	0.189034	0.216748	0.251638	0.244257	0.247089
450	0.164049	0.180565	0.209078	0.191799	0.210835	0.239764	0.249527	0.253538
455	0.165338	0.177686	0.211371	0.199516	0.210716	0.229666	0.247313	0.261564
460	0.167366	0.175963	0.211501	0.210254	0.21414	0.223301	0.240466	0.263032
465	0.169335	0.174356	0.210249	0.222078	0.220213	0.220347	0.232987	0.258562
470	0.171125	0.173063	0.20809	0.232474	0.229828	0.219838	0.226717	0.251645
475	0.173673	0.172526	0.205608	0.23849	0.244402	0.221671	0.222827	0.244723
480	0.177733	0.17244	0.202522	0.239153	0.262867	0.225643	0.222914	0.239744
485	0.183124	0.174486	0.201937	0.235434	0.280796	0.233264	0.227285	0.239087
490	0.18681	0.178936	0.202727	0.229261	0.287541	0.245664	0.235536	0.242684
495	0.187571	0.187567	0.205416	0.224389	0.280502	0.262254	0.250213	0.251143
500	0.184201	0.198623	0.210561	0.223644	0.268397	0.271975	0.272502	0.267311
505	0.177733	0.203579	0.218464	0.22999	0.262064	0.264682	0.288322	0.288223
510	0.170031	0.196089	0.22093	0.244024	0.270778	0.254671	0.277891	0.290477
515	0.162075	0.181613	0.206865	0.243987	0.289257	0.258587	0.265247	0.273156
520	0.154925	0.168247	0.188333	0.221309	0.266944	0.262625	0.267793	0.264208
525	0.148783	0.157455	0.173698	0.208648	0.23079	0.239976	0.268296	0.265723
530	0.143129	0.149322	0.162083	0.204088	0.212782	0.212325	0.250765	0.263963
535	0.138015	0.14234	0.152316	0.201404	0.205613	0.193844	0.22658	0.250482
540	0.133709	0.136409	0.144391	0.196912	0.203948	0.182462	0.20573	0.23082
545	0.129902	0.131176	0.137836	0.18892	0.205692	0.175198	0.189668	0.212272
550	0.126394	0.126321	0.13227	0.177904	0.209884	0.170426	0.177449	0.196949
555	0.123187	0.121637	0.127445	0.165658	0.215838	0.167287	0.168119	0.184576
560	0.12048	0.117097	0.12293	0.153766	0.222739	0.16531	0.160819	0.174373
565	0.117594	0.112639	0.118306	0.14259	0.228318	0.164523	0.15493	0.165246
570	0.113613	0.107266	0.113137	0.13253	0.228955	0.164204	0.150607	0.157309
575	0.11164	0.103264	0.108152	0.124202	0.224103	0.165587	0.14798	0.151167
580	0.109965	0.0998905	0.104477	0.117632	0.213183	0.168541	0.147657	0.147039
585	0.109769	0.0976922	0.101663	0.112465	0.198488	0.173161	0.1489	0.144339
590	0.109425	0.0950924	0.0989843	0.108307	0.182061	0.17882	0.151308	0.143052
595	0.109293	0.0926395	0.096729	0.104873	0.166192	0.186319	0.155217	0.143479
600	0.109776	0.0908104	0.0949514	0.102032	0.152473	0.195621	0.160526	0.145515
605	0.110738	0.0896536	0.0934399	0.0996471	0.141402	0.203947	0.167502	0.149046
610	0.11217	0.0893626	0.0920409	0.0976747	0.132942	0.204664	0.177128	0.15412
615	0.113795	0.089985	0.090589	0.0960678	0.126608	0.193608	0.189567	0.160726
620	0.115072	0.0914122	0.0889601	0.0947756	0.121743	0.175887	0.202566	0.168623
625	0.115732	0.0937372	0.0875064	0.0938999	0.117985	0.158191	0.212104	0.177692
630	0.115913	0.0970426	0.0869563	0.0936517	0.115185	0.143615	0.213273	0.187883
635	0.116466	0.101193	0.0870638	0.0936952	0.113091	0.132749	0.202202	0.196294
640	0.117259	0.106409	0.0876694	0.0937992	0.111524	0.12504	0.183691	0.197686
645	0.117823	0.113048	0.0899117	0.0950944	0.11084	0.119358	0.1654	0.192001
650	0.116051	0.11874	0.0924413	0.096439	0.110587	0.114626	0.148283	0.179684
655	0.112091	0.123044	0.0969243	0.0990083	0.111417	0.11138	0.13451	0.165136
660	0.106385	0.123271	0.102551	0.101996	0.113054	0.108913	0.122811	0.148604
665	0.0999254	0.118843	0.110956	0.106887	0.116609	0.10757	0.114418	0.133486
670	0.0922424	0.108649	0.120123	0.112365	0.121508	0.107328	0.108996	0.121024
675	0.0857884	0.0949585	0.127311	0.117662	0.127617	0.108449	0.105396	0.112274
680	0.0814821	0.0811631	0.127141	0.119865	0.133995	0.111368	0.103545	0.106968
685	0.080094	0.0700721	0.116533	0.116875	0.139799	0.11657	0.103766	0.104115
690	0.0825387	0.0632203	0.101349	0.11503	0.14577	0.124433	0.106546	0.103542
695	0.0884128	0.0606313	0.0889972	0.118524	0.153027	0.136211	0.112931	0.105899
700	0.0959402	0.0613948	0.0814203	0.118874	0.160534	0.153519	0.125004	0.112589
705	0.103133	0.0643617	0.077433	0.109541	0.161329	0.175689	0.146495	0.126337
710	0.108766	0.0685402	0.075644	0.0967131	0.145474	0.192762	0.181471	0.151906
715	0.112525	0.0732268	0.075226	0.0865019	0.119563	0.177832	0.218713	0.190508
720	0.114593	0.0779726	0.0757755	0.0799065	0.0993904	0.138077	0.210047	0.21501
725	0.115156	0.0824016	0.0767009	0.0760521	0.0879801	0.107191	0.159474	0.18551
730	0.114308	0.0860788	0.0755787	0.0731783	0.0820291	0.0907726	0.119721	0.140819
735	0.112645	0.0889005	0.0697924	0.0685461	0.0788826	0.0827529	0.0977478	0.1112
740	0.111248	0.0915009	0.065042	0.0642517	0.0771265	0.0788629	0.0859645	0.0943926
745	0.109765	0.0938869	0.0636818	0.0622151	0.0759439	0.0768593	0.0795899	0.0850098
750	0.107333	0.0951044	0.0633367	0.0612821	0.0750889	0.0757625	0.075664	0.0791055
755	0.105662	0.0963009	0.0633933	0.0608391	0.0745075	0.0752882	0.0731157	0.0750689
760	0.103925	0.0972993	0.0635832	0.0606976	0.0738489	0.0748767	0.071447	0.0723298
765	0.101939	0.0974757	0.06329	0.0605946	0.0732865	0.0747644	0.0700496	0.0698925
770	0.100706	0.0980773	0.0630804	0.0606493	0.0724809	0.0746214	0.06901	0.0680249
775	0.0988302	0.0976515	0.0619672	0.0604338	0.0714086	0.0743542	0.0678737	0.0659324
780	0.096655	0.0966595	0.0600006	0.0596497	0.0692776	0.0735595	0.0664055	0.0637161
785	0.0856202	0.0858306	0.0520407	0.0538574	0.0630951	0.0696412	0.0625389	0.0593001
790	0.0687658	0.0666105	0.039942	0.042455	0.0528214	0.0625804	0.0581178	0.054704
795	0.0606581	0.0566374	0.0334424	0.0357077	0.0462494	0.0566419	0.0562383	0.0531563
800	0.0565264	0.0510383	0.0305698	0.0327014	0.0444927	0.0536088	0.0556061	0.0534493
805	0.0545141	0.0476933	0.0318905	0.0332545	0.0457037	0.0546114	0.0558701	0.0538324
810	0.0538551	0.045669	0.0335019	0.0338874	0.0453386	0.0553691	0.0564417	0.0536147
815	0.0547018	0.0448536	0.0323965	0.0323985	0.0433272	0.0544847	0.0569807	0.0535014
820	0.0582845	0.0461059	0.0305046	0.0303456	0.0409229	0.0525838	0.0573385	0.0536235
825	0.0648872	0.0501595	0.0287939	0.0285066	0.0386103	0.0501935	0.0574683	0.0539288
830	0.0672691	0.0529094	0.0273271	0.0269197	0.0365153	0.0475773	0.0574483	0.054563
835	0.0598699	0.048703	0.026028	0.0255261	0.0347309	0.0451445	0.057444	0.055604
840	0.0523216	0.0432264	0.0248669	0.0243037	0.0333924	0.0432477	0.0577264	0.0573825
845	0.0483244	0.0399008	0.0238369	0.0232402	0.0326165	0.0420688	0.0583965	0.0600209
850	0.0470955	0.038548	0.0229246	0.0223139	0.0319417	0.0408742	0.0579702	0.0615361
855	0.0466995	0.0380454	0.0221096	0.021498	0.0306881	0.0387292	0.0555923	0.0606911
860	0.0434408	0.0359243	0.0213718	0.0207686	0.0294898	0.0368161	0.0535826	0.0602269
865	0.0388327	0.0328126	0.0206952	0.0201081	0.0288196	0.0359722	0.0529745	0.0614485
870	0.0356955	0.0305488	0.0200691	0.0195061	0.0287225	0.0362438	0.0535421	0.0639009
875	0.0337505	0.029068	0.019488	0.0189573	0.0286849	0.0363161	0.0528559	0.0638436
880	0.032453	0.0280545	0.0189509	0.0184582	0.0276987	0.0341404	0.0481809	0.0578795
885	0.031556	0.0273655	0.0184604	0.0180021	0.0261151	0.0308962	0.0423675	0.0505866
890	0.0309687	0.0269683	0.0180163	0.0175713	0.0247511	0.0282735	0.0379701	0.0452978
895	0.0306685	0.0268828	0.0176024	0.0171381	0.0236953	0.0264191	0.0349476	0.0417713
900	0.0306704	0.0271235	0.0171809	0.0166829	0.0228081	0.0250574	0.0327975	0.039286
905	0.0306909	0.0273436	0.0167231	0.0162253	0.0220313	0.0239774	0.0311362	0.0373608
910	0.029958	0.0268009	0.0162736	0.0158251	0.0214022	0.0230018	0.0294476	0.0352599
915	0.0289003	0.0259955	0.0159414	0.0155112	0.0209222	0.0219631	0.0272861	0.0323882
920	0.0280168	0.0254828	0.0157198	0.0152075	0.0204642	0.02098	0.0252308	0.0296371
925	0.0270146	0.024961	0.0154057	0.0148234	0.0199089	0.0200255	0.0234746	0.027329
930	0.0261499	0.0244577	0.0149792	0.0144389	0.0194564	0.0192624	0.022007	0.0253912
935	0.0259389	0.0245125	0.0147643	0.0141839	0.0192226	0.0188715	0.0210462	0.0240537
940	0.0257572	0.0248015	0.0146601	0.0139231	0.0188764	0.0184145	0.0201922	0.022891
945	0.0253919	0.024899	0.0142809	0.013547	0.0184695	0.0178436	0.0191893	0.0215639
950	0.0260308	0.0258629	0.014102	0.0133038	0.0183332	0.0176387	0.0185884	0.020688
955	0.0271794	0.0276186	0.0140984	0.0130995	0.0181162	0.0173187	0.0179898	0.0198656
960	0.0286724	0.0296431	0.0137363	0.0127429	0.0179439	0.0169777	0.0172704	0.0188796
965	0.0304461	0.0317798	0.0138012	0.0125955	0.0180062	0.0169777	0.016993	0.0184089
970	0.0291857	0.0309259	0.0136742	0.0123399	0.0177092	0.0166091	0.0163957	0.0175972
975	0.0269507	0.0289432	0.0135617	0.0120971	0.0174383	0.0164645	0.0160815	0.0171019
980	0.0248442	0.027399	0.013724	0.0119892	0.017057	0.0161296	0.0156562	0.0165398
985	0.0232195	0.0261402	0.0135312	0.0116886	0.0167605	0.0159147	0.0152911	0.0160111
990	0.0223922	0.0258661	0.0138719	0.0116702	0.0165532	0.0157159	0.0150216	0.0156459
995	0.0214826	0.0253629	0.0137194	0.0113723	0.0163329	0.0155362	0.0146996	0.0151757
1000	0.0213124	0.0257719	0.0141832	0.0114143	0.0162495	0.0154267	0.0145172	0.0149142
1005	0.0210249	0.0259413	0.014148	0.0111505	0.0161509	0.0153612	0.0143238	0.014588
1010	0.0214242	0.0270463	0.0147022	0.0112423	0.0162162	0.0153492	0.0142001	0.0143739
1015	0.0222532	0.0284897	0.01491	0.011069	0.016379	0.0155399	0.0142651	0.014315
1020	0.0236378	0.0308232	0.0154625	0.0111571	0.016737	0.015759	0.0142829	0.0141851
1025	0.0258491	0.0337546	0.016132	0.0112094	0.0172868	0.0162813	0.0146807	0.014464
1030	0.0263325	0.0346031	0.0166258	0.0112153	0.0175171	0.0164336	0.014687	0.0143239
1035	0.0252872	0.0334408	0.0178329	0.0115975	0.0174118	0.0163341	0.0146198	0.0142491
1040	0.0226654	0.0305746	0.0186598	0.0116835	0.0169464	0.0160285	0.0143649	0.013969
1045	0.0203523	0.028308	0.0200625	0.0121979	0.0167051	0.0157997	0.0140731	0.0136258
1050	0.0191131	0.0270931	0.0219542	0.0128897	0.0167231	0.0158844	0.0141402	0.0136614
1055	0.0177785	0.0258337	0.023766	0.0135151	0.0168267	0.0160826	0.0142324	0.0136349
1060	0.0170657	0.0253584	0.0265813	0.0148516	0.0173565	0.0165753	0.014503	0.0137475
1065	0.0170244	0.025486	0.030265	0.0166469	0.0182355	0.0174904	0.0152188	0.0142865
1070	0.0168171	0.0254692	0.0345334	0.0188675	0.0194658	0.0188383	0.0162668	0.0150355
1075	0.0170515	0.0260757	0.0404882	0.0224992	0.0215492	0.0209563	0.0178871	0.0162139
1080	0.0182229	0.0276701	0.0486933	0.0280569	0.024603	0.0240486	0.0204325	0.0182028
1085	0.0196977	0.0295172	0.059085	0.0360337	0.0280329	0.027572	0.0235181	0.0206632
1090	0.0209007	0.0309551	0.0723255	0.0481365	0.0306684	0.0301968	0.0259281	0.0225845
1095	0.0212292	0.0311364	0.0889126	0.0664735	0.0319502	0.0314536	0.0271333	0.0235449
1100	0.020172	0.0295912	0.107357	0.0913645	0.0331449	0.0328764	0.0284286	0.024562
1105	0.0182232	0.0271252	0.123874	0.11821	0.0357205	0.0359668	0.0312312	0.0267561
1110	0.0162318	0.0247612	0.133897	0.136335	0.0398847	0.0406385	0.035697	0.0303145
1115	0.0147695	0.0230854	0.134849	0.137946	0.0437886	0.044434	0.0399017	0.0338759
1120	0.0139935	0.0221852	0.127834	0.126969	0.0443301	0.0440113	0.040583	0.0349061
1125	0.0137144	0.0218035	0.116246	0.111937	0.0410055	0.0395736	0.037279	0.0327575
1130	0.0136963	0.0216908	0.103306	0.0979198	0.0362483	0.0340954	0.0325685	0.0292532
1135	0.0138977	0.021835	0.0910068	0.0864554	0.0320332	0.0294705	0.0283745	0.0259577
1140	0.0144562	0.0223959	0.0802487	0.0775501	0.0289805	0.0261097	0.0252034	0.0233751
1145	0.0154593	0.0234242	0.0712384	0.0707578	0.0270563	0.0238592	0.0229714	0.021504
1150	0.0166151	0.0245017	0.0638213	0.0655516	0.0260266	0.0224461	0.021468	0.020211
1155	0.0171353	0.0247227	0.0576988	0.0614504	0.0255572	0.0215453	0.0204507	0.0193234
1160	0.0164736	0.0236337	0.0525684	0.0580752	0.0252326	0.0207869	0.0196452	0.0186347
1165	0.0150609	0.0218444	0.0481904	0.0551579	0.0247945	0.0199584	0.0188679	0.0179924
1170	0.0136259	0.0201265	0.0443983	0.0525295	0.0243374	0.0191348	0.0181307	0.0173863
1175	0.0125225	0.0188046	0.0410822	0.0500881	0.0240551	0.0184562	0.017506	0.016863
1180	0.0118205	0.0179244	0.0381673	0.0477758	0.0240326	0.0179784	0.0170213	0.0164429
1185	0.0115128	0.0174671	0.0355961	0.0455604	0.0242739	0.0177013	0.0166703	0.0161213
1190	0.0115971	0.0174221	0.0333201	0.0434232	0.024758	0.0176134	0.016439	0.0158868
1195	0.0120707	0.0177723	0.031297	0.0413558	0.0254574	0.0177098	0.0163165	0.015728
1200	0.0128504	0.0184007	0.029489	0.0393554	0.0263267	0.0179859	0.0162951	0.0156366
1205	0.0136217	0.0189433	0.0278638	0.0374236	0.0272659	0.0184142	0.0163634	0.0156056
1210	0.0138452	0.01886	0.0263944	0.0355651	0.028088	0.0189109	0.0164939	0.015626
1215	0.0132437	0.0179725	0.0250585	0.0337846	0.02861	0.0193702	0.0166499	0.0156863
1220	0.0121598	0.0166977	0.0238386	0.0320874	0.0288321	0.0197902	0.0168233	0.0157807
1225	0.011109	0.0155273	0.0227209	0.0304785	0.0288857	0.0202756	0.017044	0.0159149
1230	0.0103656	0.0146899	0.0216954	0.0289614	0.0288464	0.0209243	0.0173473	0.016099
1235	0.00999997	0.0142307	0.0207543	0.0275391	0.028708	0.0217889	0.0177608	0.016344
1240	0.0100034	0.0141278	0.0198916	0.0262133	0.0284385	0.0228963	0.018309	0.0166626
1245	0.0103173	0.0143097	0.0191025	0.0249838	0.02801	0.0242483	0.0190175	0.0170691
1250	0.010774	0.0145934	0.0183814	0.0238488	0.0273994	0.0257904	0.019902	0.0175753
1255	0.0110512	0.0146635	0.0177205	0.0228023	0.0265865	0.0273617	0.0209414	0.0181786
1260	0.010854	0.0142817	0.0171084	0.0218341	0.0255804	0.0287271	0.0220741	0.0188578
1265	0.0102264	0.0135447	0.0165294	0.0209282	0.0244483	0.0297445	0.0232644	0.0195992
1270	0.00947585	0.0127427	0.0159651	0.0200656	0.0232798	0.0304158	0.0245565	0.0204204
1275	0.00885288	0.012078	0.0153994	0.0192276	0.0221263	0.0307404	0.0260232	0.0213526
1280	0.0084522	0.011614	0.0148253	0.0184041	0.0210033	0.0306564	0.027713	0.0224205
1285	0.00826294	0.0113286	0.0142523	0.0176008	0.01992	0.0301037	0.0296378	0.0236449
1290	0.00819239	0.0111335	0.0137083	0.0168425	0.0188961	0.0290797	0.0317564	0.0250426
1295	0.00808106	0.0108943	0.0132313	0.0161656	0.0179603	0.0276537	0.0339302	0.0266095
1300	0.0078105	0.0105351	0.0128485	0.0155982	0.0171386	0.0259605	0.0359237	0.0283101
1305	0.00742087	0.0101126	0.0125533	0.0151356	0.0164347	0.024162	0.0374888	0.0300976
1310	0.00702933	0.00971463	0.0122952	0.0147284	0.0158132	0.0223749	0.0383844	0.0318894
1315	0.0066865	0.00935107	0.0120019	0.0143023	0.0152126	0.0206462	0.0383529	0.0335003
1320	0.00636172	0.00897436	0.0116294	0.0138078	0.0145874	0.0189989	0.0372409	0.0346598
1325	0.00600961	0.00855466	0.0112075	0.0132696	0.0139522	0.0174809	0.0351557	0.0351317
1330	0.00563769	0.00813436	0.0108304	0.0127813	0.0133806	0.0161609	0.0324457	0.0348192
1335	0.00531157	0.0077977	0.0105802	0.012429	0.0129428	0.0150797	0.0294877	0.0337437
1340	0.00506254	0.00755761	0.0104379	0.0121972	0.0126265	0.0141996	0.0265047	0.0319284
1345	0.0048231	0.00731319	0.0102834	0.0119625	0.0123267	0.0134173	0.0235852	0.0294121
1350	0.00450681	0.00696732	0.0100145	0.0116151	0.0119457	0.012654	0.0208447	0.0264261
1355	0.00413875	0.00656699	0.00967392	0.0111953	0.0115112	0.0119359	0.0184673	0.0234101
1360	0.00385119	0.00627131	0.00941586	0.0108653	0.0111603	0.0113608	0.0165693	0.0207293
1365	0.00372412	0.0061543	0.00931413	0.0107052	0.0109657	0.0109614	0.0150757	0.0184403
1370	0.00366549	0.00608826	0.00924848	0.010586	0.0108175	0.0106329	0.0137958	0.016407
1375	0.00352068	0.00590445	0.0090597	0.0103344	0.0105598	0.010252	0.012629	0.0145824
1380	0.00329723	0.00564357	0.00878747	0.00999618	0.0102277	0.00985022	0.0116511	0.0130709
1385	0.00316757	0.00550829	0.00862345	0.0097843	0.0100114	0.00957203	0.0109518	0.0119319
1390	0.00319315	0.0055364	0.00860856	0.00973659	0.00994857	0.0094354	0.0104474	0.0110479
1395	0.00319878	0.00551523	0.00855726	0.00963527	0.00984028	0.00927843	0.00995742	0.0102585
1400	0.00306052	0.00533939	0.00837171	0.00938039	0.00959204	0.00902747	0.00946424	0.00955635
1405	0.0029403	0.00521352	0.00821842	0.00918353	0.00940177	0.00883775	0.0091245	0.00904355
1410	0.00299707	0.00528162	0.0082291	0.00917912	0.00939456	0.00880851	0.00896991	0.00871835
1415	0.00306648	0.005338	0.00826014	0.00915891	0.00936701	0.008778	0.00881206	0.00843817
1420	0.00297396	0.00522744	0.00817107	0.00898362	0.00919044	0.00863806	0.00858138	0.00814477
1425	0.00290706	0.00517529	0.00809475	0.00887464	0.00909114	0.00856437	0.00847183	0.00796464
1430	0.00303145	0.00532572	0.0081797	0.00895432	0.00917388	0.00865432	0.0085457	0.0079553
1435	0.00311723	0.0054279	0.00831625	0.00899033	0.00919118	0.00871541	0.00858274	0.00795664
1440	0.0030498	0.00539262	0.00835512	0.00891396	0.00910519	0.00869582	0.00854769	0.00790846
1445	0.00311474	0.00551455	0.00841359	0.00897617	0.00918874	0.00881663	0.00870369	0.00802368
1450	0.00333069	0.00581869	0.00872229	0.00920305	0.00940077	0.00908855	0.00904701	0.00834052
1455	0.00339574	0.00601698	0.00915723	0.00936788	0.00951124	0.00931419	0.00930748	0.00859508
1460	0.00345478	0.00622244	0.00940526	0.00952318	0.00968502	0.0095806	0.00962326	0.00889521
1465	0.00376507	0.00678314	0.00994132	0.0099689	0.0101389	0.0101513	0.0103852	0.00966319
1470	0.00403873	0.00759465	0.0114363	0.0107196	0.0107315	0.0109984	0.0114374	0.0106693
1475	0.00423815	0.00850038	0.0129716	0.011492	0.0114291	0.0119869	0.0125616	0.0116973
1480	0.00481977	0.0105348	0.0154058	0.0130355	0.0128753	0.0139109	0.0150951	0.0142558
1485	0.00613074	0.0194832	0.0334936	0.0187632	0.0163766	0.0191548	0.0233235	0.022279
1490	0.0070321	0.0175258	0.019691	0.013904	0.0139641	0.0150753	0.0203546	0.0236967
1495	0.00763087	0.0197444	0.0264952	0.0176915	0.0169605	0.0186658	0.0244087	0.0275187
1500	0.00974798	0.0252985	0.0270791	0.0228004	0.0215836	0.0230963	0.0327162	0.0436253
1505	0.0114711	0.0260609	0.0157633	0.0208915	0.0252528	0.0244749	0.033057	0.0503177
1510	0.0128083	0.0248541	0.00925581	0.0144954	0.0263455	0.0228912	0.0274928	0.041698
1515	0.0142863	0.0256418	0.00750069	0.0118174	0.027922	0.022753	0.0251891	0.0369247
1520	0.0156901	0.0271528	0.00658096	0.0105262	0.0304039	0.0238844	0.0249546	0.0352216
1525	0.0173735	0.0290402	0.00595411	0.00995335	0.0336984	0.0256721	0.0257314	0.0356271
1530	0.0188875	0.0313243	0.00568563	0.00972239	0.037293	0.0277764	0.0269978	0.0368597
1535	0.019777	0.0325358	0.00523296	0.0093127	0.040079	0.0292199	0.0277108	0.0372718
1540	0.0202404	0.0329843	0.00495491	0.00909369	0.0417951	0.0298604	0.0278884	0.0372987
1545	0.0196937	0.0319596	0.0046638	0.00870596	0.0418077	0.0292934	0.0269511	0.035817
1550	0.0184535	0.0294394	0.0043072	0.00824533	0.0405148	0.0277593	0.0252676	0.0333567
1555	0.0169132	0.0264907	0.0041514	0.00794376	0.0384131	0.0257012	0.0230506	0.0301975
1560	0.0148914	0.0227822	0.00381497	0.00737587	0.0357058	0.0232358	0.0204447	0.0264236
1565	0.0131395	0.0195385	0.00365758	0.00704841	0.0331123	0.0209502	0.0181241	0.0229736
1570	0.0114138	0.0165366	0.00347095	0.00662333	0.0304911	0.0187134	0.0157448	0.019545
1575	0.00983395	0.0138654	0.00322829	0.00617675	0.0281422	0.0167617	0.0138323	0.0166969
1580	0.0086772	0.0119264	0.00317868	0.00594428	0.0260881	0.0151023	0.0121363	0.0142547
1585	0.00744376	0.0100067	0.00292325	0.00547089	0.0241676	0.0135843	0.0106434	0.0121651
1590	0.00663863	0.00873651	0.00287948	0.00528917	0.0226083	0.0124043	0.0095521	0.0105728
1595	0.00583133	0.00752664	0.00272623	0.00494256	0.0211416	0.0113033	0.00844207	0.00913443
1600	0.00516045	0.00656357	0.00259657	0.00468694	0.0199005	0.0104225	0.00769869	0.00807205
